Affinity  , Usage     , #elements , time                
1         , 1.000000  , 4096      , 134.227783          
1         , 1.000000  , 4096      , 135.604248          
1         , 1.000000  , 4096      , 133.989014          
1         , 1.000000  , 4096      , 132.152832          
1         , 1.000000  , 4096      , 136.666016          
1         , 1.000000  , 4096      , 133.904053          
1         , 1.000000  , 4096      , 141.843018          
1         , 1.000000  , 4096      , 140.402832          
1         , 1.000000  , 4096      , 134.306885          
1         , 1.000000  , 4096      , 146.402100          
1         , 1.000000  , 4096      , 143.106934          
1         , 1.000000  , 4096      , 144.065918          
1         , 1.000000  , 4096      , 138.420898          
1         , 1.000000  , 4096      , 136.615967          
1         , 1.000000  , 4096      , 139.149170          
1         , 1.000000  , 4096      , 138.307861          
1         , 1.000000  , 4096      , 135.429932          
1         , 1.000000  , 4096      , 139.459229          
1         , 1.000000  , 4096      , 139.081299          
1         , 1.000000  , 4096      , 132.840088          
1         , 1.000000  , 4096      , 133.297119          
1         , 1.000000  , 4096      , 136.495117          
1         , 1.000000  , 4096      , 140.395752          
1         , 1.000000  , 4096      , 137.661865          
1         , 1.000000  , 4096      , 139.393066          
2         , 1.000000  , 4096      , 170.318115          
2         , 1.000000  , 4096      , 181.203125          
2         , 1.000000  , 4096      , 182.730225          
2         , 1.000000  , 4096      , 173.966064          
2         , 1.000000  , 4096      , 176.517090          
2         , 1.000000  , 4096      , 177.928467          
2         , 1.000000  , 4096      , 173.491211          
2         , 1.000000  , 4096      , 199.698242          
2         , 1.000000  , 4096      , 177.074219          
2         , 1.000000  , 4096      , 178.458984          
2         , 1.000000  , 4096      , 178.200928          
2         , 1.000000  , 4096      , 181.066650          
2         , 1.000000  , 4096      , 176.681885          
2         , 1.000000  , 4096      , 174.522705          
2         , 1.000000  , 4096      , 174.902100          
2         , 1.000000  , 4096      , 179.017090          
2         , 1.000000  , 4096      , 172.393066          
2         , 1.000000  , 4096      , 172.252197          
2         , 1.000000  , 4096      , 177.708252          
2         , 1.000000  , 4096      , 179.364258          
2         , 1.000000  , 4096      , 175.120850          
2         , 1.000000  , 4096      , 176.470947          
2         , 1.000000  , 4096      , 177.833496          
2         , 1.000000  , 4096      , 167.020996          
2         , 1.000000  , 4096      , 182.904297          
3         , 1.000000  , 4096      , 235.227295          
3         , 1.000000  , 4096      , 229.997070          
3         , 1.000000  , 4096      , 237.836914          
3         , 1.000000  , 4096      , 235.489014          
3         , 1.000000  , 4096      , 236.774902          
3         , 1.000000  , 4096      , 232.664307          
3         , 1.000000  , 4096      , 232.766602          
3         , 1.000000  , 4096      , 239.627197          
3         , 1.000000  , 4096      , 234.788818          
3         , 1.000000  , 4096      , 238.290039          
3         , 1.000000  , 4096      , 242.972900          
3         , 1.000000  , 4096      , 233.635254          
3         , 1.000000  , 4096      , 237.062744          
3         , 1.000000  , 4096      , 235.114014          
3         , 1.000000  , 4096      , 235.543701          
3         , 1.000000  , 4096      , 234.945312          
3         , 1.000000  , 4096      , 234.761963          
3         , 1.000000  , 4096      , 234.626709          
3         , 1.000000  , 4096      , 227.354736          
3         , 1.000000  , 4096      , 235.528076          
3         , 1.000000  , 4096      , 232.477051          
3         , 1.000000  , 4096      , 227.933105          
3         , 1.000000  , 4096      , 236.657227          
3         , 1.000000  , 4096      , 239.091309          
3         , 1.000000  , 4096      , 237.021973          
4         , 1.000000  , 4096      , 313.088135          
4         , 1.000000  , 4096      , 312.294922          
4         , 1.000000  , 4096      , 314.570068          
4         , 1.000000  , 4096      , 316.068115          
4         , 1.000000  , 4096      , 319.947998          
4         , 1.000000  , 4096      , 315.208984          
4         , 1.000000  , 4096      , 312.162109          
4         , 1.000000  , 4096      , 321.265869          
4         , 1.000000  , 4096      , 314.515381          
4         , 1.000000  , 4096      , 318.123047          
4         , 1.000000  , 4096      , 310.554199          
4         , 1.000000  , 4096      , 321.860107          
4         , 1.000000  , 4096      , 313.494141          
4         , 1.000000  , 4096      , 311.607910          
4         , 1.000000  , 4096      , 317.327881          
4         , 1.000000  , 4096      , 320.392090          
4         , 1.000000  , 4096      , 315.614014          
4         , 1.000000  , 4096      , 314.530029          
4         , 1.000000  , 4096      , 318.172119          
4         , 1.000000  , 4096      , 314.870850          
4         , 1.000000  , 4096      , 317.772949          
4         , 1.000000  , 4096      , 327.707031          
4         , 1.000000  , 4096      , 316.987305          
4         , 1.000000  , 4096      , 316.868896          
4         , 1.000000  , 4096      , 321.336182          
1         , 1.000000  , 8192      , 206.228027          
1         , 1.000000  , 8192      , 206.726074          
1         , 1.000000  , 8192      , 198.250000          
1         , 1.000000  , 8192      , 209.346924          
1         , 1.000000  , 8192      , 204.336914          
1         , 1.000000  , 8192      , 205.998291          
1         , 1.000000  , 8192      , 198.219971          
1         , 1.000000  , 8192      , 207.875244          
1         , 1.000000  , 8192      , 202.705811          
1         , 1.000000  , 8192      , 208.987305          
1         , 1.000000  , 8192      , 201.320068          
1         , 1.000000  , 8192      , 201.926025          
1         , 1.000000  , 8192      , 207.759033          
1         , 1.000000  , 8192      , 200.618652          
1         , 1.000000  , 8192      , 200.048096          
1         , 1.000000  , 8192      , 201.686035          
1         , 1.000000  , 8192      , 210.852051          
1         , 1.000000  , 8192      , 211.149902          
1         , 1.000000  , 8192      , 202.998047          
1         , 1.000000  , 8192      , 204.095947          
1         , 1.000000  , 8192      , 203.097900          
1         , 1.000000  , 8192      , 202.044922          
1         , 1.000000  , 8192      , 207.792236          
1         , 1.000000  , 8192      , 203.589844          
1         , 1.000000  , 8192      , 202.885254          
2         , 1.000000  , 8192      , 205.229004          
2         , 1.000000  , 8192      , 199.837891          
2         , 1.000000  , 8192      , 210.210938          
2         , 1.000000  , 8192      , 204.904053          
2         , 1.000000  , 8192      , 208.263916          
2         , 1.000000  , 8192      , 200.817139          
2         , 1.000000  , 8192      , 211.411377          
2         , 1.000000  , 8192      , 202.674072          
2         , 1.000000  , 8192      , 201.188232          
2         , 1.000000  , 8192      , 210.963867          
2         , 1.000000  , 8192      , 213.982666          
2         , 1.000000  , 8192      , 203.880127          
2         , 1.000000  , 8192      , 211.578857          
2         , 1.000000  , 8192      , 200.378906          
2         , 1.000000  , 8192      , 206.253906          
2         , 1.000000  , 8192      , 198.194336          
2         , 1.000000  , 8192      , 204.399170          
2         , 1.000000  , 8192      , 204.822754          
2         , 1.000000  , 8192      , 202.934814          
2         , 1.000000  , 8192      , 201.190918          
2         , 1.000000  , 8192      , 208.174072          
2         , 1.000000  , 8192      , 203.470947          
2         , 1.000000  , 8192      , 205.813965          
2         , 1.000000  , 8192      , 200.675049          
2         , 1.000000  , 8192      , 211.620117          
3         , 1.000000  , 8192      , 267.180908          
3         , 1.000000  , 8192      , 260.878906          
3         , 1.000000  , 8192      , 260.539062          
3         , 1.000000  , 8192      , 262.543945          
3         , 1.000000  , 8192      , 256.882080          
3         , 1.000000  , 8192      , 256.120850          
3         , 1.000000  , 8192      , 257.448975          
3         , 1.000000  , 8192      , 260.679199          
3         , 1.000000  , 8192      , 253.021973          
3         , 1.000000  , 8192      , 262.942139          
3         , 1.000000  , 8192      , 257.754639          
3         , 1.000000  , 8192      , 268.339355          
3         , 1.000000  , 8192      , 263.743652          
3         , 1.000000  , 8192      , 255.402832          
3         , 1.000000  , 8192      , 259.896240          
3         , 1.000000  , 8192      , 260.013184          
3         , 1.000000  , 8192      , 259.540283          
3         , 1.000000  , 8192      , 262.851562          
3         , 1.000000  , 8192      , 262.531006          
3         , 1.000000  , 8192      , 255.283203          
3         , 1.000000  , 8192      , 261.491943          
3         , 1.000000  , 8192      , 259.273193          
3         , 1.000000  , 8192      , 268.277100          
3         , 1.000000  , 8192      , 265.178955          
3         , 1.000000  , 8192      , 263.964111          
4         , 1.000000  , 8192      , 322.785156          
4         , 1.000000  , 8192      , 326.160889          
4         , 1.000000  , 8192      , 331.077637          
4         , 1.000000  , 8192      , 329.155273          
4         , 1.000000  , 8192      , 323.767822          
4         , 1.000000  , 8192      , 334.932617          
4         , 1.000000  , 8192      , 329.849365          
4         , 1.000000  , 8192      , 333.104004          
4         , 1.000000  , 8192      , 323.406982          
4         , 1.000000  , 8192      , 317.286133          
4         , 1.000000  , 8192      , 330.112305          
4         , 1.000000  , 8192      , 327.849365          
4         , 1.000000  , 8192      , 318.416260          
4         , 1.000000  , 8192      , 328.223877          
4         , 1.000000  , 8192      , 317.563232          
4         , 1.000000  , 8192      , 324.191162          
4         , 1.000000  , 8192      , 333.954834          
4         , 1.000000  , 8192      , 326.648926          
4         , 1.000000  , 8192      , 323.006104          
4         , 1.000000  , 8192      , 320.232910          
4         , 1.000000  , 8192      , 324.090088          
4         , 1.000000  , 8192      , 320.331543          
4         , 1.000000  , 8192      , 322.271973          
4         , 1.000000  , 8192      , 323.963867          
4         , 1.000000  , 8192      , 336.559570          
1         , 1.000000  , 16384     , 347.043701          
1         , 1.000000  , 16384     , 343.927734          
1         , 1.000000  , 16384     , 338.799805          
1         , 1.000000  , 16384     , 336.759033          
1         , 1.000000  , 16384     , 331.668213          
1         , 1.000000  , 16384     , 335.210938          
1         , 1.000000  , 16384     , 341.263184          
1         , 1.000000  , 16384     , 341.927246          
1         , 1.000000  , 16384     , 344.231934          
1         , 1.000000  , 16384     , 337.708252          
1         , 1.000000  , 16384     , 338.305908          
1         , 1.000000  , 16384     , 337.814697          
1         , 1.000000  , 16384     , 337.852295          
1         , 1.000000  , 16384     , 331.982422          
1         , 1.000000  , 16384     , 339.025879          
1         , 1.000000  , 16384     , 335.947021          
1         , 1.000000  , 16384     , 344.744873          
1         , 1.000000  , 16384     , 338.387451          
1         , 1.000000  , 16384     , 338.498047          
1         , 1.000000  , 16384     , 342.097900          
1         , 1.000000  , 16384     , 335.858887          
1         , 1.000000  , 16384     , 341.823242          
1         , 1.000000  , 16384     , 341.582764          
1         , 1.000000  , 16384     , 341.451904          
1         , 1.000000  , 16384     , 337.533936          
2         , 1.000000  , 16384     , 265.708252          
2         , 1.000000  , 16384     , 266.267090          
2         , 1.000000  , 16384     , 266.178223          
2         , 1.000000  , 16384     , 265.984863          
2         , 1.000000  , 16384     , 267.568848          
2         , 1.000000  , 16384     , 267.160889          
2         , 1.000000  , 16384     , 267.469971          
2         , 1.000000  , 16384     , 267.854980          
2         , 1.000000  , 16384     , 258.362793          
2         , 1.000000  , 16384     , 268.125000          
2         , 1.000000  , 16384     , 257.764160          
2         , 1.000000  , 16384     , 268.494141          
2         , 1.000000  , 16384     , 267.100098          
2         , 1.000000  , 16384     , 269.593994          
2         , 1.000000  , 16384     , 262.748047          
2         , 1.000000  , 16384     , 267.917725          
2         , 1.000000  , 16384     , 265.966064          
2         , 1.000000  , 16384     , 268.725830          
2         , 1.000000  , 16384     , 261.265137          
2         , 1.000000  , 16384     , 262.826172          
2         , 1.000000  , 16384     , 264.402832          
2         , 1.000000  , 16384     , 269.114014          
2         , 1.000000  , 16384     , 265.879150          
2         , 1.000000  , 16384     , 267.181641          
2         , 1.000000  , 16384     , 263.423340          
3         , 1.000000  , 16384     , 304.117188          
3         , 1.000000  , 16384     , 297.806152          
3         , 1.000000  , 16384     , 300.399902          
3         , 1.000000  , 16384     , 301.802979          
3         , 1.000000  , 16384     , 306.113770          
3         , 1.000000  , 16384     , 285.217773          
3         , 1.000000  , 16384     , 294.832031          
3         , 1.000000  , 16384     , 296.954102          
3         , 1.000000  , 16384     , 295.140381          
3         , 1.000000  , 16384     , 296.158936          
3         , 1.000000  , 16384     , 303.138916          
3         , 1.000000  , 16384     , 304.746826          
3         , 1.000000  , 16384     , 299.930908          
3         , 1.000000  , 16384     , 301.484131          
3         , 1.000000  , 16384     , 298.456787          
3         , 1.000000  , 16384     , 297.910889          
3         , 1.000000  , 16384     , 297.613770          
3         , 1.000000  , 16384     , 303.568115          
3         , 1.000000  , 16384     , 301.617188          
3         , 1.000000  , 16384     , 297.152344          
3         , 1.000000  , 16384     , 304.327637          
3         , 1.000000  , 16384     , 296.297852          
3         , 1.000000  , 16384     , 300.983887          
3         , 1.000000  , 16384     , 292.556152          
3         , 1.000000  , 16384     , 299.477051          
4         , 1.000000  , 16384     , 348.478027          
4         , 1.000000  , 16384     , 348.500977          
4         , 1.000000  , 16384     , 357.715088          
4         , 1.000000  , 16384     , 350.938232          
4         , 1.000000  , 16384     , 353.209717          
4         , 1.000000  , 16384     , 353.850098          
4         , 1.000000  , 16384     , 347.313965          
4         , 1.000000  , 16384     , 345.309082          
4         , 1.000000  , 16384     , 355.929932          
4         , 1.000000  , 16384     , 349.842041          
4         , 1.000000  , 16384     , 345.575195          
4         , 1.000000  , 16384     , 355.793701          
4         , 1.000000  , 16384     , 353.586670          
4         , 1.000000  , 16384     , 348.809082          
4         , 1.000000  , 16384     , 359.678955          
4         , 1.000000  , 16384     , 357.479004          
4         , 1.000000  , 16384     , 341.014893          
4         , 1.000000  , 16384     , 349.279053          
4         , 1.000000  , 16384     , 344.965088          
4         , 1.000000  , 16384     , 340.562988          
4         , 1.000000  , 16384     , 353.223145          
4         , 1.000000  , 16384     , 353.970215          
4         , 1.000000  , 16384     , 360.536621          
4         , 1.000000  , 16384     , 351.741211          
4         , 1.000000  , 16384     , 346.412842          
1         , 1.000000  , 32768     , 605.743896          
1         , 1.000000  , 32768     , 603.213135          
1         , 1.000000  , 32768     , 601.126953          
1         , 1.000000  , 32768     , 1029.895752         
1         , 1.000000  , 32768     , 1026.542969         
1         , 1.000000  , 32768     , 940.949219          
1         , 1.000000  , 32768     , 605.518311          
1         , 1.000000  , 32768     , 616.149170          
1         , 1.000000  , 32768     , 957.509766          
1         , 1.000000  , 32768     , 929.485107          
1         , 1.000000  , 32768     , 1028.231934         
1         , 1.000000  , 32768     , 940.050049          
1         , 1.000000  , 32768     , 601.641113          
1         , 1.000000  , 32768     , 598.949463          
1         , 1.000000  , 32768     , 970.266113          
1         , 1.000000  , 32768     , 609.826660          
1         , 1.000000  , 32768     , 602.470947          
1         , 1.000000  , 32768     , 600.472656          
1         , 1.000000  , 32768     , 608.412842          
1         , 1.000000  , 32768     , 1026.623047         
1         , 1.000000  , 32768     , 928.943115          
1         , 1.000000  , 32768     , 1030.007812         
1         , 1.000000  , 32768     , 605.159180          
1         , 1.000000  , 32768     , 617.146240          
1         , 1.000000  , 32768     , 606.322998          
2         , 1.000000  , 32768     , 386.136963          
2         , 1.000000  , 32768     , 388.729980          
2         , 1.000000  , 32768     , 386.455566          
2         , 1.000000  , 32768     , 379.177002          
2         , 1.000000  , 32768     , 380.768066          
2         , 1.000000  , 32768     , 387.760010          
2         , 1.000000  , 32768     , 382.504883          
2         , 1.000000  , 32768     , 384.355713          
2         , 1.000000  , 32768     , 384.099121          
2         , 1.000000  , 32768     , 386.596680          
2         , 1.000000  , 32768     , 399.266846          
2         , 1.000000  , 32768     , 379.854248          
2         , 1.000000  , 32768     , 383.489014          
2         , 1.000000  , 32768     , 384.635254          
2         , 1.000000  , 32768     , 374.077148          
2         , 1.000000  , 32768     , 383.430664          
2         , 1.000000  , 32768     , 388.658936          
2         , 1.000000  , 32768     , 375.092041          
2         , 1.000000  , 32768     , 387.263916          
2         , 1.000000  , 32768     , 387.948975          
2         , 1.000000  , 32768     , 387.542725          
2         , 1.000000  , 32768     , 386.870117          
2         , 1.000000  , 32768     , 383.426758          
2         , 1.000000  , 32768     , 379.779053          
2         , 1.000000  , 32768     , 391.717285          
3         , 1.000000  , 32768     , 369.989014          
3         , 1.000000  , 32768     , 370.217041          
3         , 1.000000  , 32768     , 378.781982          
3         , 1.000000  , 32768     , 387.087158          
3         , 1.000000  , 32768     , 380.483154          
3         , 1.000000  , 32768     , 380.128174          
3         , 1.000000  , 32768     , 374.821289          
3         , 1.000000  , 32768     , 367.001953          
3         , 1.000000  , 32768     , 380.078125          
3         , 1.000000  , 32768     , 372.584961          
3         , 1.000000  , 32768     , 377.040039          
3         , 1.000000  , 32768     , 376.545166          
3         , 1.000000  , 32768     , 387.970947          
3         , 1.000000  , 32768     , 373.632324          
3         , 1.000000  , 32768     , 369.652832          
3         , 1.000000  , 32768     , 374.353760          
3         , 1.000000  , 32768     , 378.474854          
3         , 1.000000  , 32768     , 375.851074          
3         , 1.000000  , 32768     , 369.064453          
3         , 1.000000  , 32768     , 375.768066          
3         , 1.000000  , 32768     , 379.592773          
3         , 1.000000  , 32768     , 379.225830          
3         , 1.000000  , 32768     , 376.602783          
3         , 1.000000  , 32768     , 371.884766          
3         , 1.000000  , 32768     , 381.053955          
4         , 1.000000  , 32768     , 417.387207          
4         , 1.000000  , 32768     , 414.781006          
4         , 1.000000  , 32768     , 422.035889          
4         , 1.000000  , 32768     , 427.513428          
4         , 1.000000  , 32768     , 419.209961          
4         , 1.000000  , 32768     , 415.354004          
4         , 1.000000  , 32768     , 425.459717          
4         , 1.000000  , 32768     , 416.945068          
4         , 1.000000  , 32768     , 449.678955          
4         , 1.000000  , 32768     , 418.815186          
4         , 1.000000  , 32768     , 418.827881          
4         , 1.000000  , 32768     , 422.441650          
4         , 1.000000  , 32768     , 425.739014          
4         , 1.000000  , 32768     , 417.685059          
4         , 1.000000  , 32768     , 419.076904          
4         , 1.000000  , 32768     , 416.621826          
4         , 1.000000  , 32768     , 413.273682          
4         , 1.000000  , 32768     , 421.888184          
4         , 1.000000  , 32768     , 416.359863          
4         , 1.000000  , 32768     , 416.579102          
4         , 1.000000  , 32768     , 414.720215          
4         , 1.000000  , 32768     , 421.750000          
4         , 1.000000  , 32768     , 404.089844          
4         , 1.000000  , 32768     , 420.787842          
4         , 1.000000  , 32768     , 419.682617          
1         , 1.000000  , 65536     , 1138.251953         
1         , 1.000000  , 65536     , 1136.210938         
1         , 1.000000  , 65536     , 1132.587891         
1         , 1.000000  , 65536     , 1135.510742         
1         , 1.000000  , 65536     , 1154.217529         
1         , 1.000000  , 65536     , 1900.917969         
1         , 1.000000  , 65536     , 1902.683350         
1         , 1.000000  , 65536     , 1133.531738         
1         , 1.000000  , 65536     , 1146.191162         
1         , 1.000000  , 65536     , 1134.227051         
1         , 1.000000  , 65536     , 1133.080078         
1         , 1.000000  , 65536     , 1143.449951         
1         , 1.000000  , 65536     , 1891.303223         
1         , 1.000000  , 65536     , 1134.375000         
1         , 1.000000  , 65536     , 1128.614258         
1         , 1.000000  , 65536     , 1137.724121         
1         , 1.000000  , 65536     , 1160.684814         
1         , 1.000000  , 65536     , 1136.325928         
1         , 1.000000  , 65536     , 1140.621094         
1         , 1.000000  , 65536     , 1576.023193         
1         , 1.000000  , 65536     , 1147.681885         
1         , 1.000000  , 65536     , 1152.742188         
1         , 1.000000  , 65536     , 1138.102051         
1         , 1.000000  , 65536     , 1139.547852         
1         , 1.000000  , 65536     , 1131.354004         
2         , 1.000000  , 65536     , 635.493164          
2         , 1.000000  , 65536     , 618.777100          
2         , 1.000000  , 65536     , 615.767090          
2         , 1.000000  , 65536     , 887.594971          
2         , 1.000000  , 65536     , 1004.614746         
2         , 1.000000  , 65536     , 897.396973          
2         , 1.000000  , 65536     , 635.017090          
2         , 1.000000  , 65536     , 626.137207          
2         , 1.000000  , 65536     , 614.199219          
2         , 1.000000  , 65536     , 623.489258          
2         , 1.000000  , 65536     , 620.534180          
2         , 1.000000  , 65536     , 625.123047          
2         , 1.000000  , 65536     , 879.033203          
2         , 1.000000  , 65536     , 615.827148          
2         , 1.000000  , 65536     , 615.788818          
2         , 1.000000  , 65536     , 634.663086          
2         , 1.000000  , 65536     , 609.189209          
2         , 1.000000  , 65536     , 990.551025          
2         , 1.000000  , 65536     , 625.688965          
2         , 1.000000  , 65536     , 881.654053          
2         , 1.000000  , 65536     , 890.969971          
2         , 1.000000  , 65536     , 886.352783          
2         , 1.000000  , 65536     , 627.246826          
2         , 1.000000  , 65536     , 618.123779          
2         , 1.000000  , 65536     , 616.187988          
3         , 1.000000  , 65536     , 526.784912          
3         , 1.000000  , 65536     , 525.656250          
3         , 1.000000  , 65536     , 524.956055          
3         , 1.000000  , 65536     , 895.469971          
3         , 1.000000  , 65536     , 552.144775          
3         , 1.000000  , 65536     , 527.750488          
3         , 1.000000  , 65536     , 526.928955          
3         , 1.000000  , 65536     , 533.849365          
3         , 1.000000  , 65536     , 522.998047          
3         , 1.000000  , 65536     , 523.091797          
3         , 1.000000  , 65536     , 524.923096          
3         , 1.000000  , 65536     , 528.391846          
3         , 1.000000  , 65536     , 530.153809          
3         , 1.000000  , 65536     , 531.237305          
3         , 1.000000  , 65536     , 532.301025          
3         , 1.000000  , 65536     , 526.961182          
3         , 1.000000  , 65536     , 532.777100          
3         , 1.000000  , 65536     , 526.531982          
3         , 1.000000  , 65536     , 524.735107          
3         , 1.000000  , 65536     , 527.043701          
3         , 1.000000  , 65536     , 529.287109          
3         , 1.000000  , 65536     , 519.914307          
3         , 1.000000  , 65536     , 533.302979          
3         , 1.000000  , 65536     , 528.154053          
3         , 1.000000  , 65536     , 529.036865          
4         , 1.000000  , 65536     , 540.452881          
4         , 1.000000  , 65536     , 567.894775          
4         , 1.000000  , 65536     , 543.181152          
4         , 1.000000  , 65536     , 541.197998          
4         , 1.000000  , 65536     , 544.464111          
4         , 1.000000  , 65536     , 892.895020          
4         , 1.000000  , 65536     , 897.242188          
4         , 1.000000  , 65536     , 902.126221          
4         , 1.000000  , 65536     , 546.729004          
4         , 1.000000  , 65536     , 549.862793          
4         , 1.000000  , 65536     , 547.317139          
4         , 1.000000  , 65536     , 545.627930          
4         , 1.000000  , 65536     , 548.055176          
4         , 1.000000  , 65536     , 545.611816          
4         , 1.000000  , 65536     , 550.761963          
4         , 1.000000  , 65536     , 539.316895          
4         , 1.000000  , 65536     , 549.696777          
4         , 1.000000  , 65536     , 545.802734          
4         , 1.000000  , 65536     , 890.396240          
4         , 1.000000  , 65536     , 918.370117          
4         , 1.000000  , 65536     , 538.259766          
4         , 1.000000  , 65536     , 550.729980          
4         , 1.000000  , 65536     , 540.895752          
4         , 1.000000  , 65536     , 543.614990          
4         , 1.000000  , 65536     , 546.040283          
1         , 1.000000  , 131072    , 2830.444824         
1         , 1.000000  , 131072    , 2833.657959         
1         , 1.000000  , 131072    , 2231.078125         
1         , 1.000000  , 131072    , 2200.853271         
1         , 1.000000  , 131072    , 2645.421875         
1         , 1.000000  , 131072    , 2199.929932         
1         , 1.000000  , 131072    , 2203.524902         
1         , 1.000000  , 131072    , 2217.763184         
1         , 1.000000  , 131072    , 3040.006836         
1         , 1.000000  , 131072    , 2226.883301         
1         , 1.000000  , 131072    , 3112.805908         
1         , 1.000000  , 131072    , 2827.843262         
1         , 1.000000  , 131072    , 3069.981934         
1         , 1.000000  , 131072    , 2221.669189         
1         , 1.000000  , 131072    , 2220.314209         
1         , 1.000000  , 131072    , 2655.090088         
1         , 1.000000  , 131072    , 2200.572266         
1         , 1.000000  , 131072    , 2208.551025         
1         , 1.000000  , 131072    , 2222.782715         
1         , 1.000000  , 131072    , 2639.268066         
1         , 1.000000  , 131072    , 2251.285889         
1         , 1.000000  , 131072    , 2217.479004         
1         , 1.000000  , 131072    , 2194.060547         
1         , 1.000000  , 131072    , 2204.960938         
1         , 1.000000  , 131072    , 2814.148193         
2         , 1.000000  , 131072    , 1093.552002         
2         , 1.000000  , 131072    , 1081.635986         
2         , 1.000000  , 131072    , 1442.291016         
2         , 1.000000  , 131072    , 1883.062012         
2         , 1.000000  , 131072    , 1074.791992         
2         , 1.000000  , 131072    , 1089.313232         
2         , 1.000000  , 131072    , 1439.964844         
2         , 1.000000  , 131072    , 1459.668945         
2         , 1.000000  , 131072    , 1444.924072         
2         , 1.000000  , 131072    , 1060.534912         
2         , 1.000000  , 131072    , 1078.195801         
2         , 1.000000  , 131072    , 1083.428955         
2         , 1.000000  , 131072    , 1447.436768         
2         , 1.000000  , 131072    , 1077.494141         
2         , 1.000000  , 131072    , 1091.721924         
2         , 1.000000  , 131072    , 1088.285645         
2         , 1.000000  , 131072    , 1084.807617         
2         , 1.000000  , 131072    , 1079.097900         
2         , 1.000000  , 131072    , 1082.999023         
2         , 1.000000  , 131072    , 1067.516846         
2         , 1.000000  , 131072    , 1079.630859         
2         , 1.000000  , 131072    , 1077.024170         
2         , 1.000000  , 131072    , 1082.462891         
2         , 1.000000  , 131072    , 1080.302979         
2         , 1.000000  , 131072    , 1088.364746         
3         , 1.000000  , 131072    , 821.866699          
3         , 1.000000  , 131072    , 808.941162          
3         , 1.000000  , 131072    , 814.641113          
3         , 1.000000  , 131072    , 814.554688          
3         , 1.000000  , 131072    , 1124.808350         
3         , 1.000000  , 131072    , 809.275879          
3         , 1.000000  , 131072    , 911.068848          
3         , 1.000000  , 131072    , 826.380859          
3         , 1.000000  , 131072    , 1131.114746         
3         , 1.000000  , 131072    , 810.329102          
3         , 1.000000  , 131072    , 821.949219          
3         , 1.000000  , 131072    , 827.030518          
3         , 1.000000  , 131072    , 820.996826          
3         , 1.000000  , 131072    , 814.496094          
3         , 1.000000  , 131072    , 1125.886719         
3         , 1.000000  , 131072    , 1127.009033         
3         , 1.000000  , 131072    , 816.742920          
3         , 1.000000  , 131072    , 815.893799          
3         , 1.000000  , 131072    , 1121.416016         
3         , 1.000000  , 131072    , 801.443115          
3         , 1.000000  , 131072    , 831.676025          
3         , 1.000000  , 131072    , 814.992188          
3         , 1.000000  , 131072    , 835.898193          
3         , 1.000000  , 131072    , 817.402832          
3         , 1.000000  , 131072    , 808.906250          
4         , 1.000000  , 131072    , 785.436768          
4         , 1.000000  , 131072    , 1049.532227         
4         , 1.000000  , 131072    , 785.484131          
4         , 1.000000  , 131072    , 773.361084          
4         , 1.000000  , 131072    , 837.516113          
4         , 1.000000  , 131072    , 1053.556152         
4         , 1.000000  , 131072    , 838.364990          
4         , 1.000000  , 131072    , 1041.494385         
4         , 1.000000  , 131072    , 787.575195          
4         , 1.000000  , 131072    , 797.729980          
4         , 1.000000  , 131072    , 791.278320          
4         , 1.000000  , 131072    , 802.545166          
4         , 1.000000  , 131072    , 811.051758          
4         , 1.000000  , 131072    , 788.285889          
4         , 1.000000  , 131072    , 788.143311          
4         , 1.000000  , 131072    , 791.926025          
4         , 1.000000  , 131072    , 772.388184          
4         , 1.000000  , 131072    , 1046.689941         
4         , 1.000000  , 131072    , 1030.607178         
4         , 1.000000  , 131072    , 1055.298096         
4         , 1.000000  , 131072    , 1039.451904         
4         , 1.000000  , 131072    , 771.490967          
4         , 1.000000  , 131072    , 811.272705          
4         , 1.000000  , 131072    , 797.312256          
4         , 1.000000  , 131072    , 785.764893          
1         , 1.000000  , 262144    , 4375.515869         
1         , 1.000000  , 262144    , 4761.071045         
1         , 1.000000  , 262144    , 4745.495117         
1         , 1.000000  , 262144    , 4315.725098         
1         , 1.000000  , 262144    , 4773.567139         
1         , 1.000000  , 262144    , 4362.303955         
1         , 1.000000  , 262144    , 4659.603027         
1         , 1.000000  , 262144    , 5181.078613         
1         , 1.000000  , 262144    , 4348.144775         
1         , 1.000000  , 262144    , 4380.504150         
1         , 1.000000  , 262144    , 4805.012939         
1         , 1.000000  , 262144    , 5196.212402         
1         , 1.000000  , 262144    , 4315.975830         
1         , 1.000000  , 262144    , 5295.759766         
1         , 1.000000  , 262144    , 4378.650146         
1         , 1.000000  , 262144    , 5185.022217         
1         , 1.000000  , 262144    , 4322.418945         
1         , 1.000000  , 262144    , 4342.739990         
1         , 1.000000  , 262144    , 4754.836914         
1         , 1.000000  , 262144    , 4313.680176         
1         , 1.000000  , 262144    , 4746.742920         
1         , 1.000000  , 262144    , 4873.000000         
1         , 1.000000  , 262144    , 4405.035645         
1         , 1.000000  , 262144    , 5654.493164         
1         , 1.000000  , 262144    , 5201.651123         
2         , 1.000000  , 262144    , 2331.603271         
2         , 1.000000  , 262144    , 2787.806396         
2         , 1.000000  , 262144    , 2348.994385         
2         , 1.000000  , 262144    , 2366.311035         
2         , 1.000000  , 262144    , 2630.593994         
2         , 1.000000  , 262144    , 1958.254883         
2         , 1.000000  , 262144    , 2641.434814         
2         , 1.000000  , 262144    , 2335.222412         
2         , 1.000000  , 262144    , 2023.824219         
2         , 1.000000  , 262144    , 2155.802979         
2         , 1.000000  , 262144    , 2358.161377         
2         , 1.000000  , 262144    , 1997.465088         
2         , 1.000000  , 262144    , 2003.458984         
2         , 1.000000  , 262144    , 1987.757812         
2         , 1.000000  , 262144    , 1995.607178         
2         , 1.000000  , 262144    , 2331.839844         
2         , 1.000000  , 262144    , 3235.292969         
2         , 1.000000  , 262144    , 2002.499756         
2         , 1.000000  , 262144    , 2028.642822         
2         , 1.000000  , 262144    , 2190.135986         
2         , 1.000000  , 262144    , 1984.569092         
2         , 1.000000  , 262144    , 2795.702637         
2         , 1.000000  , 262144    , 1984.352051         
2         , 1.000000  , 262144    , 2017.393799         
2         , 1.000000  , 262144    , 2068.973145         
3         , 1.000000  , 262144    , 1717.484863         
3         , 1.000000  , 262144    , 1404.039062         
3         , 1.000000  , 262144    , 1417.408936         
3         , 1.000000  , 262144    , 1719.808594         
3         , 1.000000  , 262144    , 1408.800293         
3         , 1.000000  , 262144    , 1402.529785         
3         , 1.000000  , 262144    , 1406.441895         
3         , 1.000000  , 262144    , 1395.213867         
3         , 1.000000  , 262144    , 1419.769043         
3         , 1.000000  , 262144    , 1716.895752         
3         , 1.000000  , 262144    , 2125.062012         
3         , 1.000000  , 262144    , 1383.166016         
3         , 1.000000  , 262144    , 1729.734863         
3         , 1.000000  , 262144    , 2154.329102         
3         , 1.000000  , 262144    , 1421.908936         
3         , 1.000000  , 262144    , 1411.280762         
3         , 1.000000  , 262144    , 1746.329834         
3         , 1.000000  , 262144    , 1724.050781         
3         , 1.000000  , 262144    , 1391.600830         
3         , 1.000000  , 262144    , 1411.427979         
3         , 1.000000  , 262144    , 1735.002441         
3         , 1.000000  , 262144    , 1742.058105         
3         , 1.000000  , 262144    , 1714.654053         
3         , 1.000000  , 262144    , 1392.402100         
3         , 1.000000  , 262144    , 1415.587402         
4         , 1.000000  , 262144    , 1218.015869         
4         , 1.000000  , 262144    , 1522.626953         
4         , 1.000000  , 262144    , 1252.360840         
4         , 1.000000  , 262144    , 1394.383789         
4         , 1.000000  , 262144    , 1237.753174         
4         , 1.000000  , 262144    , 1459.744873         
4         , 1.000000  , 262144    , 1504.634033         
4         , 1.000000  , 262144    , 1236.805908         
4         , 1.000000  , 262144    , 1237.577148         
4         , 1.000000  , 262144    , 1485.812256         
4         , 1.000000  , 262144    , 1492.192871         
4         , 1.000000  , 262144    , 1645.266357         
4         , 1.000000  , 262144    , 1235.616211         
4         , 1.000000  , 262144    , 1240.739990         
4         , 1.000000  , 262144    , 1227.560791         
4         , 1.000000  , 262144    , 1940.948975         
4         , 1.000000  , 262144    , 1233.625977         
4         , 1.000000  , 262144    , 1234.791992         
4         , 1.000000  , 262144    , 1460.822021         
4         , 1.000000  , 262144    , 1634.134033         
4         , 1.000000  , 262144    , 1230.227295         
4         , 1.000000  , 262144    , 1259.081055         
4         , 1.000000  , 262144    , 1233.683105         
4         , 1.000000  , 262144    , 1225.385986         
4         , 1.000000  , 262144    , 1225.144775         
1         , 1.000000  , 524288    , 9093.666992         
1         , 1.000000  , 524288    , 9923.252197         
1         , 1.000000  , 524288    , 8619.575195         
1         , 1.000000  , 524288    , 8770.406006         
1         , 1.000000  , 524288    , 9476.015137         
1         , 1.000000  , 524288    , 10362.911133        
1         , 1.000000  , 524288    , 9469.020996         
1         , 1.000000  , 524288    , 10729.305908        
1         , 1.000000  , 524288    , 8639.723145         
1         , 1.000000  , 524288    , 9880.894287         
1         , 1.000000  , 524288    , 8670.147949         
1         , 1.000000  , 524288    , 8601.323975         
1         , 1.000000  , 524288    , 10215.210938        
1         , 1.000000  , 524288    , 8593.496094         
1         , 1.000000  , 524288    , 8675.918701         
1         , 1.000000  , 524288    , 9434.032715         
1         , 1.000000  , 524288    , 10746.977295        
1         , 1.000000  , 524288    , 9010.067139         
1         , 1.000000  , 524288    , 9338.091309         
1         , 1.000000  , 524288    , 9337.664062         
1         , 1.000000  , 524288    , 8605.456787         
1         , 1.000000  , 524288    , 8879.399170         
1         , 1.000000  , 524288    , 9343.125000         
1         , 1.000000  , 524288    , 10373.306641        
1         , 1.000000  , 524288    , 9338.436279         
2         , 1.000000  , 524288    , 4577.517822         
2         , 1.000000  , 524288    , 4082.257568         
2         , 1.000000  , 524288    , 3793.986816         
2         , 1.000000  , 524288    , 4518.396973         
2         , 1.000000  , 524288    , 3809.416992         
2         , 1.000000  , 524288    , 4413.929932         
2         , 1.000000  , 524288    , 4260.065918         
2         , 1.000000  , 524288    , 4611.346436         
2         , 1.000000  , 524288    , 4039.548096         
2         , 1.000000  , 524288    , 4549.632080         
2         , 1.000000  , 524288    , 4034.239990         
2         , 1.000000  , 524288    , 4296.051758         
2         , 1.000000  , 524288    , 4296.991943         
2         , 1.000000  , 524288    , 4593.848877         
2         , 1.000000  , 524288    , 3819.802002         
2         , 1.000000  , 524288    , 4448.101074         
2         , 1.000000  , 524288    , 4266.021973         
2         , 1.000000  , 524288    , 3782.895020         
2         , 1.000000  , 524288    , 4564.264404         
2         , 1.000000  , 524288    , 3803.594238         
2         , 1.000000  , 524288    , 4551.281494         
2         , 1.000000  , 524288    , 4132.961182         
2         , 1.000000  , 524288    , 3891.791992         
2         , 1.000000  , 524288    , 4464.210938         
2         , 1.000000  , 524288    , 4620.645996         
3         , 1.000000  , 524288    , 3257.980225         
3         , 1.000000  , 524288    , 3246.753662         
3         , 1.000000  , 524288    , 2958.519775         
3         , 1.000000  , 524288    , 2757.656738         
3         , 1.000000  , 524288    , 2980.724854         
3         , 1.000000  , 524288    , 3252.212891         
3         , 1.000000  , 524288    , 2825.449707         
3         , 1.000000  , 524288    , 2757.088867         
3         , 1.000000  , 524288    , 2568.301025         
3         , 1.000000  , 524288    , 2518.447266         
3         , 1.000000  , 524288    , 2570.697266         
3         , 1.000000  , 524288    , 2500.791016         
3         , 1.000000  , 524288    , 2965.438232         
3         , 1.000000  , 524288    , 2957.523926         
3         , 1.000000  , 524288    , 2613.012939         
3         , 1.000000  , 524288    , 2547.638916         
3         , 1.000000  , 524288    , 2747.869385         
3         , 1.000000  , 524288    , 2556.942871         
3         , 1.000000  , 524288    , 2779.395020         
3         , 1.000000  , 524288    , 2523.393066         
3         , 1.000000  , 524288    , 2491.057617         
3         , 1.000000  , 524288    , 2531.035645         
3         , 1.000000  , 524288    , 2624.969238         
3         , 1.000000  , 524288    , 2522.192139         
3         , 1.000000  , 524288    , 2951.539795         
4         , 1.000000  , 524288    , 2348.211670         
4         , 1.000000  , 524288    , 2125.646973         
4         , 1.000000  , 524288    , 2129.226807         
4         , 1.000000  , 524288    , 2110.108887         
4         , 1.000000  , 524288    , 2352.581787         
4         , 1.000000  , 524288    , 2333.840332         
4         , 1.000000  , 524288    , 2108.929932         
4         , 1.000000  , 524288    , 2098.479248         
4         , 1.000000  , 524288    , 2513.833252         
4         , 1.000000  , 524288    , 2093.271973         
4         , 1.000000  , 524288    , 2120.721924         
4         , 1.000000  , 524288    , 2431.922852         
4         , 1.000000  , 524288    , 2161.833252         
4         , 1.000000  , 524288    , 2106.628906         
4         , 1.000000  , 524288    , 2785.032959         
4         , 1.000000  , 524288    , 2175.212891         
4         , 1.000000  , 524288    , 2154.880859         
4         , 1.000000  , 524288    , 2110.414062         
4         , 1.000000  , 524288    , 2796.579346         
4         , 1.000000  , 524288    , 2148.463867         
4         , 1.000000  , 524288    , 2142.304199         
4         , 1.000000  , 524288    , 2106.371826         
4         , 1.000000  , 524288    , 2511.729004         
4         , 1.000000  , 524288    , 2140.642578         
4         , 1.000000  , 524288    , 2134.218994         
