Affinity  , Usage     , # nodes   , time                
1         , 1.000000  , 1024      , 537.336914          
1         , 1.000000  , 1024      , 496.335938          
1         , 1.000000  , 1024      , 543.400146          
1         , 1.000000  , 1024      , 543.500977          
1         , 1.000000  , 1024      , 487.752197          
1         , 1.000000  , 1024      , 543.160889          
1         , 1.000000  , 1024      , 536.167236          
1         , 1.000000  , 1024      , 546.892090          
1         , 1.000000  , 1024      , 547.462158          
1         , 1.000000  , 1024      , 498.886963          
1         , 1.000000  , 1024      , 534.673096          
1         , 1.000000  , 1024      , 538.198975          
1         , 1.000000  , 1024      , 535.031982          
1         , 1.000000  , 1024      , 537.499023          
1         , 1.000000  , 1024      , 535.292236          
1         , 1.000000  , 1024      , 533.988037          
1         , 1.000000  , 1024      , 536.076904          
1         , 1.000000  , 1024      , 497.520020          
1         , 1.000000  , 1024      , 540.865967          
1         , 1.000000  , 1024      , 539.772217          
1         , 1.000000  , 1024      , 541.783691          
1         , 1.000000  , 1024      , 495.473877          
1         , 1.000000  , 1024      , 542.586182          
1         , 1.000000  , 1024      , 545.170166          
1         , 1.000000  , 1024      , 531.089844          
2         , 1.000000  , 1024      , 579.219971          
2         , 1.000000  , 1024      , 578.617188          
2         , 1.000000  , 1024      , 534.485840          
2         , 1.000000  , 1024      , 588.252930          
2         , 1.000000  , 1024      , 581.093750          
2         , 1.000000  , 1024      , 577.364014          
2         , 1.000000  , 1024      , 580.708984          
2         , 1.000000  , 1024      , 575.272705          
2         , 1.000000  , 1024      , 543.407959          
2         , 1.000000  , 1024      , 582.127686          
2         , 1.000000  , 1024      , 589.586914          
2         , 1.000000  , 1024      , 575.027100          
2         , 1.000000  , 1024      , 581.348145          
2         , 1.000000  , 1024      , 586.003174          
2         , 1.000000  , 1024      , 574.733154          
2         , 1.000000  , 1024      , 579.164062          
2         , 1.000000  , 1024      , 532.335938          
2         , 1.000000  , 1024      , 581.637207          
2         , 1.000000  , 1024      , 532.676025          
2         , 1.000000  , 1024      , 581.532959          
2         , 1.000000  , 1024      , 576.210938          
2         , 1.000000  , 1024      , 533.822998          
2         , 1.000000  , 1024      , 584.437256          
2         , 1.000000  , 1024      , 582.717773          
2         , 1.000000  , 1024      , 526.188965          
3         , 1.000000  , 1024      , 576.431885          
3         , 1.000000  , 1024      , 533.637939          
3         , 1.000000  , 1024      , 578.647949          
3         , 1.000000  , 1024      , 571.739258          
3         , 1.000000  , 1024      , 579.354004          
3         , 1.000000  , 1024      , 536.983887          
3         , 1.000000  , 1024      , 581.266113          
3         , 1.000000  , 1024      , 541.367920          
3         , 1.000000  , 1024      , 568.824951          
3         , 1.000000  , 1024      , 547.694092          
3         , 1.000000  , 1024      , 582.333252          
3         , 1.000000  , 1024      , 542.679932          
3         , 1.000000  , 1024      , 533.905029          
3         , 1.000000  , 1024      , 580.340088          
3         , 1.000000  , 1024      , 579.547852          
3         , 1.000000  , 1024      , 535.790771          
3         , 1.000000  , 1024      , 995.101318          
3         , 1.000000  , 1024      , 586.437012          
3         , 1.000000  , 1024      , 571.193115          
3         , 1.000000  , 1024      , 545.495117          
3         , 1.000000  , 1024      , 568.110107          
3         , 1.000000  , 1024      , 587.476074          
3         , 1.000000  , 1024      , 536.912109          
3         , 1.000000  , 1024      , 589.670898          
3         , 1.000000  , 1024      , 582.203857          
4         , 1.000000  , 1024      , 550.774170          
4         , 1.000000  , 1024      , 578.117188          
4         , 1.000000  , 1024      , 572.364014          
4         , 1.000000  , 1024      , 576.389893          
4         , 1.000000  , 1024      , 581.163086          
4         , 1.000000  , 1024      , 582.764160          
4         , 1.000000  , 1024      , 578.022949          
4         , 1.000000  , 1024      , 579.270996          
4         , 1.000000  , 1024      , 548.863770          
4         , 1.000000  , 1024      , 576.257812          
4         , 1.000000  , 1024      , 592.938965          
4         , 1.000000  , 1024      , 583.136963          
4         , 1.000000  , 1024      , 549.926270          
4         , 1.000000  , 1024      , 573.671143          
4         , 1.000000  , 1024      , 600.450195          
4         , 1.000000  , 1024      , 582.811035          
4         , 1.000000  , 1024      , 591.073975          
4         , 1.000000  , 1024      , 576.360107          
4         , 1.000000  , 1024      , 592.077148          
4         , 1.000000  , 1024      , 585.445068          
4         , 1.000000  , 1024      , 591.537109          
4         , 1.000000  , 1024      , 584.654053          
4         , 1.000000  , 1024      , 576.938721          
4         , 1.000000  , 1024      , 594.068115          
4         , 1.000000  , 1024      , 589.765137          
1         , 1.000000  , 2048      , 532.081299          
1         , 1.000000  , 2048      , 530.757812          
1         , 1.000000  , 2048      , 536.437988          
1         , 1.000000  , 2048      , 527.688965          
1         , 1.000000  , 2048      , 539.345215          
1         , 1.000000  , 2048      , 524.197998          
1         , 1.000000  , 2048      , 536.431152          
1         , 1.000000  , 2048      , 535.166016          
1         , 1.000000  , 2048      , 528.367188          
1         , 1.000000  , 2048      , 532.082031          
1         , 1.000000  , 2048      , 533.827148          
1         , 1.000000  , 2048      , 483.178223          
1         , 1.000000  , 2048      , 524.182861          
1         , 1.000000  , 2048      , 537.395996          
1         , 1.000000  , 2048      , 528.735840          
1         , 1.000000  , 2048      , 531.059082          
1         , 1.000000  , 2048      , 528.049072          
1         , 1.000000  , 2048      , 538.493896          
1         , 1.000000  , 2048      , 526.217041          
1         , 1.000000  , 2048      , 531.479004          
1         , 1.000000  , 2048      , 531.587158          
1         , 1.000000  , 2048      , 534.416992          
1         , 1.000000  , 2048      , 530.493896          
1         , 1.000000  , 2048      , 533.786865          
1         , 1.000000  , 2048      , 528.072021          
2         , 1.000000  , 2048      , 1490.263916         
2         , 1.000000  , 2048      , 1417.150146         
2         , 1.000000  , 2048      , 1431.863770         
2         , 1.000000  , 2048      , 1393.680176         
2         , 1.000000  , 2048      , 1421.597900         
2         , 1.000000  , 2048      , 1436.109131         
2         , 1.000000  , 2048      , 1141.263916         
2         , 1.000000  , 2048      , 1123.102051         
2         , 1.000000  , 2048      , 1456.166992         
2         , 1.000000  , 2048      , 1248.541748         
2         , 1.000000  , 2048      , 1494.341064         
2         , 1.000000  , 2048      , 1119.896973         
2         , 1.000000  , 2048      , 1093.107910         
2         , 1.000000  , 2048      , 1123.505615         
2         , 1.000000  , 2048      , 1123.589111         
2         , 1.000000  , 2048      , 1562.115967         
2         , 1.000000  , 2048      , 1443.104980         
2         , 1.000000  , 2048      , 1238.561279         
2         , 1.000000  , 2048      , 1495.184082         
2         , 1.000000  , 2048      , 1140.122803         
2         , 1.000000  , 2048      , 1120.156006         
2         , 1.000000  , 2048      , 1121.390137         
2         , 1.000000  , 2048      , 1451.554932         
2         , 1.000000  , 2048      , 1449.008789         
2         , 1.000000  , 2048      , 1444.101074         
3         , 1.000000  , 2048      , 1554.626953         
3         , 1.000000  , 2048      , 1331.702148         
3         , 1.000000  , 2048      , 1223.462891         
3         , 1.000000  , 2048      , 1541.487793         
3         , 1.000000  , 2048      , 1546.598145         
3         , 1.000000  , 2048      , 1279.978027         
3         , 1.000000  , 2048      , 1533.054932         
3         , 1.000000  , 2048      , 1272.302002         
3         , 1.000000  , 2048      , 1533.678955         
3         , 1.000000  , 2048      , 1515.833984         
3         , 1.000000  , 2048      , 1384.083008         
3         , 1.000000  , 2048      , 1178.453125         
3         , 1.000000  , 2048      , 1553.208252         
3         , 1.000000  , 2048      , 1357.038818         
3         , 1.000000  , 2048      , 1208.448730         
3         , 1.000000  , 2048      , 1201.168945         
3         , 1.000000  , 2048      , 1214.914307         
3         , 1.000000  , 2048      , 1223.080811         
3         , 1.000000  , 2048      , 1207.292969         
3         , 1.000000  , 2048      , 1177.894043         
3         , 1.000000  , 2048      , 1185.693848         
3         , 1.000000  , 2048      , 1165.530029         
3         , 1.000000  , 2048      , 1221.842041         
3         , 1.000000  , 2048      , 1548.624023         
3         , 1.000000  , 2048      , 1529.092285         
4         , 1.000000  , 2048      , 1542.412842         
4         , 1.000000  , 2048      , 1233.929688         
4         , 1.000000  , 2048      , 1214.584961         
4         , 1.000000  , 2048      , 1211.687988         
4         , 1.000000  , 2048      , 1187.249268         
4         , 1.000000  , 2048      , 1225.293213         
4         , 1.000000  , 2048      , 1171.920898         
4         , 1.000000  , 2048      , 1218.064941         
4         , 1.000000  , 2048      , 1544.102051         
4         , 1.000000  , 2048      , 1319.529053         
4         , 1.000000  , 2048      , 1223.080811         
4         , 1.000000  , 2048      , 1219.415283         
4         , 1.000000  , 2048      , 1201.062012         
4         , 1.000000  , 2048      , 1214.475830         
4         , 1.000000  , 2048      , 1228.401855         
4         , 1.000000  , 2048      , 1216.104004         
4         , 1.000000  , 2048      , 1212.497070         
4         , 1.000000  , 2048      , 1222.561035         
4         , 1.000000  , 2048      , 1542.369141         
4         , 1.000000  , 2048      , 1239.833008         
4         , 1.000000  , 2048      , 1198.166260         
4         , 1.000000  , 2048      , 1522.043945         
4         , 1.000000  , 2048      , 1217.885010         
4         , 1.000000  , 2048      , 1524.637939         
4         , 1.000000  , 2048      , 1184.265137         
1         , 1.000000  , 131072    , 668.905029          
1         , 1.000000  , 131072    , 677.443115          
1         , 1.000000  , 131072    , 1151.274902         
1         , 1.000000  , 131072    , 591.256104          
1         , 1.000000  , 131072    , 1019.463135         
1         , 1.000000  , 131072    , 680.708984          
1         , 1.000000  , 131072    , 655.114014          
1         , 1.000000  , 131072    , 678.632080          
1         , 1.000000  , 131072    , 1102.474121         
1         , 1.000000  , 131072    , 1077.270752         
1         , 1.000000  , 131072    , 748.598145          
1         , 1.000000  , 131072    , 1015.476074         
1         , 1.000000  , 131072    , 685.033203          
1         , 1.000000  , 131072    , 1109.471924         
1         , 1.000000  , 131072    , 672.443115          
1         , 1.000000  , 131072    , 599.189941          
1         , 1.000000  , 131072    , 787.228027          
1         , 1.000000  , 131072    , 738.517822          
1         , 1.000000  , 131072    , 671.819092          
1         , 1.000000  , 131072    , 661.593018          
1         , 1.000000  , 131072    , 684.747803          
1         , 1.000000  , 131072    , 680.035889          
1         , 1.000000  , 131072    , 1069.741211         
1         , 1.000000  , 131072    , 678.282959          
1         , 1.000000  , 131072    , 1140.622314         
2         , 1.000000  , 131072    , 2163.321045         
2         , 1.000000  , 131072    , 1822.295898         
2         , 1.000000  , 131072    , 1802.624023         
2         , 1.000000  , 131072    , 1636.898926         
2         , 1.000000  , 131072    , 1330.165283         
2         , 1.000000  , 131072    , 1808.259766         
2         , 1.000000  , 131072    , 1446.722168         
2         , 1.000000  , 131072    , 1310.512939         
2         , 1.000000  , 131072    , 1416.843994         
2         , 1.000000  , 131072    , 1721.347900         
2         , 1.000000  , 131072    , 1941.178955         
2         , 1.000000  , 131072    , 1685.239258         
2         , 1.000000  , 131072    , 1422.970947         
2         , 1.000000  , 131072    , 1318.528320         
2         , 1.000000  , 131072    , 1814.873779         
2         , 1.000000  , 131072    , 2105.262939         
2         , 1.000000  , 131072    , 2093.878906         
2         , 1.000000  , 131072    , 2068.549805         
2         , 1.000000  , 131072    , 1658.432861         
2         , 1.000000  , 131072    , 1799.587158         
2         , 1.000000  , 131072    , 1771.575439         
2         , 1.000000  , 131072    , 2094.689941         
2         , 1.000000  , 131072    , 1338.345215         
2         , 1.000000  , 131072    , 1750.603027         
2         , 1.000000  , 131072    , 1279.078857         
3         , 1.000000  , 131072    , 2678.559814         
3         , 1.000000  , 131072    , 3121.449951         
3         , 1.000000  , 131072    , 2119.209229         
3         , 1.000000  , 131072    , 2209.000244         
3         , 1.000000  , 131072    , 2131.098877         
3         , 1.000000  , 131072    , 2776.557861         
3         , 1.000000  , 131072    , 2137.713867         
3         , 1.000000  , 131072    , 2106.757080         
3         , 1.000000  , 131072    , 2188.268066         
3         , 1.000000  , 131072    , 2117.174805         
3         , 1.000000  , 131072    , 2461.445801         
3         , 1.000000  , 131072    , 2059.179932         
3         , 1.000000  , 131072    , 2172.903076         
3         , 1.000000  , 131072    , 2123.132080         
3         , 1.000000  , 131072    , 2133.288086         
3         , 1.000000  , 131072    , 2064.808105         
3         , 1.000000  , 131072    , 2163.029053         
3         , 1.000000  , 131072    , 2544.480225         
3         , 1.000000  , 131072    , 2757.602051         
3         , 1.000000  , 131072    , 2384.353271         
3         , 1.000000  , 131072    , 2662.595947         
3         , 1.000000  , 131072    , 2892.200928         
3         , 1.000000  , 131072    , 2785.543945         
3         , 1.000000  , 131072    , 2133.277100         
3         , 1.000000  , 131072    , 2575.839111         
4         , 1.000000  , 131072    , 3814.788818         
4         , 1.000000  , 131072    , 3020.500000         
4         , 1.000000  , 131072    , 2990.542969         
4         , 1.000000  , 131072    , 2922.442139         
4         , 1.000000  , 131072    , 3314.270752         
4         , 1.000000  , 131072    , 3492.254883         
4         , 1.000000  , 131072    , 2967.542969         
4         , 1.000000  , 131072    , 3053.032227         
4         , 1.000000  , 131072    , 3138.353760         
4         , 1.000000  , 131072    , 3095.159912         
4         , 1.000000  , 131072    , 3240.105225         
4         , 1.000000  , 131072    , 2903.270020         
4         , 1.000000  , 131072    , 2941.255859         
4         , 1.000000  , 131072    , 3242.513916         
4         , 1.000000  , 131072    , 3208.638184         
4         , 1.000000  , 131072    , 3094.826904         
4         , 1.000000  , 131072    , 3319.726074         
4         , 1.000000  , 131072    , 2931.255127         
4         , 1.000000  , 131072    , 3949.473145         
4         , 1.000000  , 131072    , 3807.538086         
4         , 1.000000  , 131072    , 2997.189941         
4         , 1.000000  , 131072    , 2919.817871         
4         , 1.000000  , 131072    , 2956.038818         
4         , 1.000000  , 131072    , 3125.343750         
4         , 1.000000  , 131072    , 3030.699951         
1         , 1.000000  , 261444    , 812.366943          
1         , 1.000000  , 261444    , 807.341797          
1         , 1.000000  , 261444    , 929.866943          
1         , 1.000000  , 261444    , 799.648926          
1         , 1.000000  , 261444    , 894.970947          
1         , 1.000000  , 261444    , 712.407227          
1         , 1.000000  , 261444    , 972.311035          
1         , 1.000000  , 261444    , 795.626953          
1         , 1.000000  , 261444    , 865.652100          
1         , 1.000000  , 261444    , 792.426025          
1         , 1.000000  , 261444    , 859.775879          
1         , 1.000000  , 261444    , 1095.819824         
1         , 1.000000  , 261444    , 862.612061          
1         , 1.000000  , 261444    , 778.011719          
1         , 1.000000  , 261444    , 1088.626953         
1         , 1.000000  , 261444    , 1169.894043         
1         , 1.000000  , 261444    , 1177.865967         
1         , 1.000000  , 261444    , 1091.852051         
1         , 1.000000  , 261444    , 852.247070          
1         , 1.000000  , 261444    , 715.120117          
1         , 1.000000  , 261444    , 892.612061          
1         , 1.000000  , 261444    , 720.358154          
1         , 1.000000  , 261444    , 825.987061          
1         , 1.000000  , 261444    , 708.561279          
1         , 1.000000  , 261444    , 902.865234          
2         , 1.000000  , 261444    , 2392.500732         
2         , 1.000000  , 261444    , 2044.493896         
2         , 1.000000  , 261444    , 1456.953125         
2         , 1.000000  , 261444    , 1473.367920         
2         , 1.000000  , 261444    , 1552.900146         
2         , 1.000000  , 261444    , 1486.406982         
2         , 1.000000  , 261444    , 1476.413086         
2         , 1.000000  , 261444    , 2611.332031         
2         , 1.000000  , 261444    , 1888.881104         
2         , 1.000000  , 261444    , 1582.109131         
2         , 1.000000  , 261444    , 1554.502197         
2         , 1.000000  , 261444    , 1578.649902         
2         , 1.000000  , 261444    , 1587.286865         
2         , 1.000000  , 261444    , 1568.890137         
2         , 1.000000  , 261444    , 1566.092773         
2         , 1.000000  , 261444    , 1486.361084         
2         , 1.000000  , 261444    , 1772.978271         
2         , 1.000000  , 261444    , 1572.440674         
2         , 1.000000  , 261444    , 1504.541748         
2         , 1.000000  , 261444    , 1473.803955         
2         , 1.000000  , 261444    , 1824.542969         
2         , 1.000000  , 261444    , 1993.611084         
2         , 1.000000  , 261444    , 1581.598877         
2         , 1.000000  , 261444    , 1551.213867         
2         , 1.000000  , 261444    , 2422.831055         
3         , 1.000000  , 261444    , 2807.752930         
3         , 1.000000  , 261444    , 2387.062012         
3         , 1.000000  , 261444    , 2472.071289         
3         , 1.000000  , 261444    , 2647.902100         
3         , 1.000000  , 261444    , 2739.930176         
3         , 1.000000  , 261444    , 2742.464111         
3         , 1.000000  , 261444    , 2434.190186         
3         , 1.000000  , 261444    , 2966.815918         
3         , 1.000000  , 261444    , 2337.997070         
3         , 1.000000  , 261444    , 2466.552002         
3         , 1.000000  , 261444    , 3735.547119         
3         , 1.000000  , 261444    , 2467.395996         
3         , 1.000000  , 261444    , 2482.551270         
3         , 1.000000  , 261444    , 2701.610840         
3         , 1.000000  , 261444    , 3150.768066         
3         , 1.000000  , 261444    , 2763.489014         
3         , 1.000000  , 261444    , 3514.008057         
3         , 1.000000  , 261444    , 3538.728027         
3         , 1.000000  , 261444    , 2712.312012         
3         , 1.000000  , 261444    , 2528.058105         
3         , 1.000000  , 261444    , 3154.416992         
3         , 1.000000  , 261444    , 2687.038086         
3         , 1.000000  , 261444    , 2820.992188         
3         , 1.000000  , 261444    , 2733.621094         
3         , 1.000000  , 261444    , 2875.116211         
4         , 1.000000  , 261444    , 3411.979980         
4         , 1.000000  , 261444    , 4539.450195         
4         , 1.000000  , 261444    , 4076.349121         
4         , 1.000000  , 261444    , 3466.245850         
4         , 1.000000  , 261444    , 3285.894043         
4         , 1.000000  , 261444    , 3980.659912         
4         , 1.000000  , 261444    , 3437.595947         
4         , 1.000000  , 261444    , 3622.297852         
4         , 1.000000  , 261444    , 3449.358154         
4         , 1.000000  , 261444    , 4175.482910         
4         , 1.000000  , 261444    , 3959.097900         
4         , 1.000000  , 261444    , 3544.954834         
4         , 1.000000  , 261444    , 3872.652832         
4         , 1.000000  , 261444    , 3802.110107         
4         , 1.000000  , 261444    , 4490.164062         
4         , 1.000000  , 261444    , 4306.593018         
4         , 1.000000  , 261444    , 4153.468994         
4         , 1.000000  , 261444    , 3405.625977         
4         , 1.000000  , 261444    , 3583.859863         
4         , 1.000000  , 261444    , 4250.826172         
4         , 1.000000  , 261444    , 3963.577881         
4         , 1.000000  , 261444    , 3822.369873         
4         , 1.000000  , 261444    , 3958.228271         
4         , 1.000000  , 261444    , 3322.195801         
4         , 1.000000  , 261444    , 4135.385010         
1         , 1.000000  , 524288    , 762.029785          
1         , 1.000000  , 524288    , 748.942871          
1         , 1.000000  , 524288    , 1275.619141         
1         , 1.000000  , 524288    , 810.821045          
1         , 1.000000  , 524288    , 751.641113          
1         , 1.000000  , 524288    , 1267.876953         
1         , 1.000000  , 524288    , 753.856689          
1         , 1.000000  , 524288    , 747.116943          
1         , 1.000000  , 524288    , 1192.078125         
1         , 1.000000  , 524288    , 1298.802002         
1         , 1.000000  , 524288    , 1183.730225         
1         , 1.000000  , 524288    , 750.241943          
1         , 1.000000  , 524288    , 847.370117          
1         , 1.000000  , 524288    , 745.166992          
1         , 1.000000  , 524288    , 741.289795          
1         , 1.000000  , 524288    , 1196.687988         
1         , 1.000000  , 524288    , 738.723877          
1         , 1.000000  , 524288    , 1208.076904         
1         , 1.000000  , 524288    , 885.501709          
1         , 1.000000  , 524288    , 1257.220215         
1         , 1.000000  , 524288    , 839.792969          
1         , 1.000000  , 524288    , 1197.412842         
1         , 1.000000  , 524288    , 844.596924          
1         , 1.000000  , 524288    , 756.931885          
1         , 1.000000  , 524288    , 748.591064          
2         , 1.000000  , 524288    , 1839.142090         
2         , 1.000000  , 524288    , 1457.114990         
2         , 1.000000  , 524288    , 1431.150879         
2         , 1.000000  , 524288    , 1519.004883         
2         , 1.000000  , 524288    , 1531.200928         
2         , 1.000000  , 524288    , 1414.006104         
2         , 1.000000  , 524288    , 2031.715088         
2         , 1.000000  , 524288    , 2222.116943         
2         , 1.000000  , 524288    , 2212.849121         
2         , 1.000000  , 524288    , 2368.002930         
2         , 1.000000  , 524288    , 1534.625000         
2         , 1.000000  , 524288    , 2246.729736         
2         , 1.000000  , 524288    , 1529.611084         
2         , 1.000000  , 524288    , 2314.646973         
2         , 1.000000  , 524288    , 1423.919189         
2         , 1.000000  , 524288    , 1530.576904         
2         , 1.000000  , 524288    , 1439.704102         
2         , 1.000000  , 524288    , 2272.896973         
2         , 1.000000  , 524288    , 1515.687012         
2         , 1.000000  , 524288    , 1958.457031         
2         , 1.000000  , 524288    , 2230.453125         
2         , 1.000000  , 524288    , 1928.999023         
2         , 1.000000  , 524288    , 1466.789062         
2         , 1.000000  , 524288    , 1444.162109         
2         , 1.000000  , 524288    , 1422.300293         
3         , 1.000000  , 524288    , 2423.187988         
3         , 1.000000  , 524288    , 2271.729004         
3         , 1.000000  , 524288    , 2345.212891         
3         , 1.000000  , 524288    , 2272.723877         
3         , 1.000000  , 524288    , 3060.573975         
3         , 1.000000  , 524288    , 2437.631836         
3         , 1.000000  , 524288    , 3079.650146         
3         , 1.000000  , 524288    , 2282.775146         
3         , 1.000000  , 524288    , 3115.699219         
3         , 1.000000  , 524288    , 2299.106689         
3         , 1.000000  , 524288    , 2286.171143         
3         , 1.000000  , 524288    , 2342.281982         
3         , 1.000000  , 524288    , 2280.416016         
3         , 1.000000  , 524288    , 2271.050781         
3         , 1.000000  , 524288    , 2642.835938         
3         , 1.000000  , 524288    , 3326.552246         
3         , 1.000000  , 524288    , 2633.544922         
3         , 1.000000  , 524288    , 2679.096924         
3         , 1.000000  , 524288    , 3113.208984         
3         , 1.000000  , 524288    , 2846.557861         
3         , 1.000000  , 524288    , 3162.106201         
3         , 1.000000  , 524288    , 3269.173828         
3         , 1.000000  , 524288    , 2511.917969         
3         , 1.000000  , 524288    , 2272.535156         
3         , 1.000000  , 524288    , 2744.362793         
4         , 1.000000  , 524288    , 3617.717041         
4         , 1.000000  , 524288    , 3283.125977         
4         , 1.000000  , 524288    , 3628.147949         
4         , 1.000000  , 524288    , 3547.409180         
4         , 1.000000  , 524288    , 3586.462891         
4         , 1.000000  , 524288    , 3243.971924         
4         , 1.000000  , 524288    , 4077.849854         
4         , 1.000000  , 524288    , 4032.962891         
4         , 1.000000  , 524288    , 4103.299805         
4         , 1.000000  , 524288    , 3644.156006         
4         , 1.000000  , 524288    , 3276.755859         
4         , 1.000000  , 524288    , 3685.692871         
4         , 1.000000  , 524288    , 3619.402100         
4         , 1.000000  , 524288    , 3267.335938         
4         , 1.000000  , 524288    , 4027.132080         
4         , 1.000000  , 524288    , 3507.051025         
4         , 1.000000  , 524288    , 3245.394775         
4         , 1.000000  , 524288    , 4113.225830         
4         , 1.000000  , 524288    , 4404.040771         
4         , 1.000000  , 524288    , 3237.634033         
4         , 1.000000  , 524288    , 4448.445068         
4         , 1.000000  , 524288    , 3309.721924         
4         , 1.000000  , 524288    , 4362.551025         
4         , 1.000000  , 524288    , 3297.062012         
4         , 1.000000  , 524288    , 4098.052002         
1         , 1.000000  , 1048576   , 839.068115          
1         , 1.000000  , 1048576   , 807.891113          
1         , 1.000000  , 1048576   , 903.989990          
1         , 1.000000  , 1048576   , 795.575928          
1         , 1.000000  , 1048576   , 824.166992          
1         , 1.000000  , 1048576   , 807.008789          
1         , 1.000000  , 1048576   , 793.020752          
1         , 1.000000  , 1048576   , 868.304199          
1         , 1.000000  , 1048576   , 900.921875          
1         , 1.000000  , 1048576   , 843.115967          
1         , 1.000000  , 1048576   , 809.354004          
1         , 1.000000  , 1048576   , 851.125977          
1         , 1.000000  , 1048576   , 865.504883          
1         , 1.000000  , 1048576   , 852.197754          
1         , 1.000000  , 1048576   , 843.316895          
1         , 1.000000  , 1048576   , 847.656006          
1         , 1.000000  , 1048576   , 869.668945          
1         , 1.000000  , 1048576   , 820.744873          
1         , 1.000000  , 1048576   , 807.118896          
1         , 1.000000  , 1048576   , 858.501953          
1         , 1.000000  , 1048576   , 1251.015869         
1         , 1.000000  , 1048576   , 816.569824          
1         , 1.000000  , 1048576   , 865.652100          
1         , 1.000000  , 1048576   , 871.433838          
1         , 1.000000  , 1048576   , 920.276367          
2         , 1.000000  , 1048576   , 1490.999023         
2         , 1.000000  , 1048576   , 1458.282959         
2         , 1.000000  , 1048576   , 1476.125977         
2         , 1.000000  , 1048576   , 1534.581299         
2         , 1.000000  , 1048576   , 1493.752930         
2         , 1.000000  , 1048576   , 1512.455811         
2         , 1.000000  , 1048576   , 1478.009766         
2         , 1.000000  , 1048576   , 1463.537842         
2         , 1.000000  , 1048576   , 1496.096680         
2         , 1.000000  , 1048576   , 1485.254150         
2         , 1.000000  , 1048576   , 1487.365967         
2         , 1.000000  , 1048576   , 1454.042969         
2         , 1.000000  , 1048576   , 1494.082275         
2         , 1.000000  , 1048576   , 1766.842285         
2         , 1.000000  , 1048576   , 1602.001221         
2         , 1.000000  , 1048576   , 1500.737793         
2         , 1.000000  , 1048576   , 2290.367920         
2         , 1.000000  , 1048576   , 1477.560059         
2         , 1.000000  , 1048576   , 1533.480225         
2         , 1.000000  , 1048576   , 1509.106201         
2         , 1.000000  , 1048576   , 1481.357666         
2         , 1.000000  , 1048576   , 1533.255859         
2         , 1.000000  , 1048576   , 1482.155029         
2         , 1.000000  , 1048576   , 1562.031006         
2         , 1.000000  , 1048576   , 2321.851074         
3         , 1.000000  , 1048576   , 2751.603760         
3         , 1.000000  , 1048576   , 2252.532959         
3         , 1.000000  , 1048576   , 2845.547119         
3         , 1.000000  , 1048576   , 2408.739014         
3         , 1.000000  , 1048576   , 2253.123047         
3         , 1.000000  , 1048576   , 3060.379883         
3         , 1.000000  , 1048576   , 2280.356934         
3         , 1.000000  , 1048576   , 2751.293945         
3         , 1.000000  , 1048576   , 2273.616943         
3         , 1.000000  , 1048576   , 3115.840820         
3         , 1.000000  , 1048576   , 2738.316895         
3         , 1.000000  , 1048576   , 2233.894287         
3         , 1.000000  , 1048576   , 2757.865967         
3         , 1.000000  , 1048576   , 2216.564941         
3         , 1.000000  , 1048576   , 2464.719971         
3         , 1.000000  , 1048576   , 2263.887939         
3         , 1.000000  , 1048576   , 2509.844727         
3         , 1.000000  , 1048576   , 3430.609863         
3         , 1.000000  , 1048576   , 2876.135986         
3         , 1.000000  , 1048576   , 2855.230225         
3         , 1.000000  , 1048576   , 3375.046143         
3         , 1.000000  , 1048576   , 2654.692139         
3         , 1.000000  , 1048576   , 3109.693115         
3         , 1.000000  , 1048576   , 3472.467285         
3         , 1.000000  , 1048576   , 2325.851807         
4         , 1.000000  , 1048576   , 3871.399902         
4         , 1.000000  , 1048576   , 3466.284180         
4         , 1.000000  , 1048576   , 3206.829102         
4         , 1.000000  , 1048576   , 4136.972412         
4         , 1.000000  , 1048576   , 3190.001953         
4         , 1.000000  , 1048576   , 4240.743164         
4         , 1.000000  , 1048576   , 3189.894287         
4         , 1.000000  , 1048576   , 3188.693848         
4         , 1.000000  , 1048576   , 3542.256104         
4         , 1.000000  , 1048576   , 3169.572998         
4         , 1.000000  , 1048576   , 3169.537109         
4         , 1.000000  , 1048576   , 4116.921875         
4         , 1.000000  , 1048576   , 3205.708984         
4         , 1.000000  , 1048576   , 4156.703857         
4         , 1.000000  , 1048576   , 3242.569092         
4         , 1.000000  , 1048576   , 3824.878906         
4         , 1.000000  , 1048576   , 4270.343994         
4         , 1.000000  , 1048576   , 3169.751953         
4         , 1.000000  , 1048576   , 3603.921875         
4         , 1.000000  , 1048576   , 3173.740234         
4         , 1.000000  , 1048576   , 4327.948730         
4         , 1.000000  , 1048576   , 3138.453125         
4         , 1.000000  , 1048576   , 4147.156006         
4         , 1.000000  , 1048576   , 3707.494873         
4         , 1.000000  , 1048576   , 3319.396973         
1         , 1.000000  , 2097152   , 1029.991699         
1         , 1.000000  , 2097152   , 1159.524902         
1         , 1.000000  , 2097152   , 1015.023926         
1         , 1.000000  , 2097152   , 1170.298096         
1         , 1.000000  , 2097152   , 1051.087891         
1         , 1.000000  , 2097152   , 1153.644775         
1         , 1.000000  , 2097152   , 1093.968018         
1         , 1.000000  , 2097152   , 1119.885010         
1         , 1.000000  , 2097152   , 1019.246094         
1         , 1.000000  , 2097152   , 1241.217285         
1         , 1.000000  , 2097152   , 1167.162842         
1         , 1.000000  , 2097152   , 1236.614990         
1         , 1.000000  , 2097152   , 1149.098877         
1         , 1.000000  , 2097152   , 1180.570068         
1         , 1.000000  , 2097152   , 1033.437988         
1         , 1.000000  , 2097152   , 1536.379883         
1         , 1.000000  , 2097152   , 1030.233887         
1         , 1.000000  , 2097152   , 1659.453857         
1         , 1.000000  , 2097152   , 1173.586914         
1         , 1.000000  , 2097152   , 1149.733154         
1         , 1.000000  , 2097152   , 1599.054688         
1         , 1.000000  , 2097152   , 1181.392822         
1         , 1.000000  , 2097152   , 1015.637695         
1         , 1.000000  , 2097152   , 1208.477051         
1         , 1.000000  , 2097152   , 1049.890869         
2         , 1.000000  , 2097152   , 1826.391113         
2         , 1.000000  , 2097152   , 1823.463867         
2         , 1.000000  , 2097152   , 1720.919922         
2         , 1.000000  , 2097152   , 1595.854980         
2         , 1.000000  , 2097152   , 1609.076904         
2         , 1.000000  , 2097152   , 2058.315918         
2         , 1.000000  , 2097152   , 1591.831055         
2         , 1.000000  , 2097152   , 1606.886719         
2         , 1.000000  , 2097152   , 2090.226074         
2         , 1.000000  , 2097152   , 2058.484131         
2         , 1.000000  , 2097152   , 1578.936035         
2         , 1.000000  , 2097152   , 1849.275879         
2         , 1.000000  , 2097152   , 1602.404053         
2         , 1.000000  , 2097152   , 1605.559814         
2         , 1.000000  , 2097152   , 2269.380859         
2         , 1.000000  , 2097152   , 1680.817139         
2         , 1.000000  , 2097152   , 1692.540283         
2         , 1.000000  , 2097152   , 1860.133057         
2         , 1.000000  , 2097152   , 1762.433105         
2         , 1.000000  , 2097152   , 1691.818848         
2         , 1.000000  , 2097152   , 1878.493164         
2         , 1.000000  , 2097152   , 2242.841064         
2         , 1.000000  , 2097152   , 1769.562744         
2         , 1.000000  , 2097152   , 2039.844971         
2         , 1.000000  , 2097152   , 1715.547119         
3         , 1.000000  , 2097152   , 2403.593994         
3         , 1.000000  , 2097152   , 2290.757080         
3         , 1.000000  , 2097152   , 3043.286133         
3         , 1.000000  , 2097152   , 2409.927002         
3         , 1.000000  , 2097152   , 3265.061279         
3         , 1.000000  , 2097152   , 2876.397949         
3         , 1.000000  , 2097152   , 2319.499023         
3         , 1.000000  , 2097152   , 2539.399902         
3         , 1.000000  , 2097152   , 2306.028809         
3         , 1.000000  , 2097152   , 2494.789062         
3         , 1.000000  , 2097152   , 3085.600830         
3         , 1.000000  , 2097152   , 2319.695068         
3         , 1.000000  , 2097152   , 2466.205078         
3         , 1.000000  , 2097152   , 2309.098877         
3         , 1.000000  , 2097152   , 2678.427734         
3         , 1.000000  , 2097152   , 3327.682129         
3         , 1.000000  , 2097152   , 2329.617188         
3         , 1.000000  , 2097152   , 2341.881104         
3         , 1.000000  , 2097152   , 2467.856934         
3         , 1.000000  , 2097152   , 2330.950928         
3         , 1.000000  , 2097152   , 2510.584229         
3         , 1.000000  , 2097152   , 2388.022217         
3         , 1.000000  , 2097152   , 2889.120117         
3         , 1.000000  , 2097152   , 2768.629883         
3         , 1.000000  , 2097152   , 2350.706055         
4         , 1.000000  , 2097152   , 3309.055176         
4         , 1.000000  , 2097152   , 4125.223145         
4         , 1.000000  , 2097152   , 3439.156006         
4         , 1.000000  , 2097152   , 3184.232910         
4         , 1.000000  , 2097152   , 3550.629883         
4         , 1.000000  , 2097152   , 3384.644043         
4         , 1.000000  , 2097152   , 3282.340088         
4         , 1.000000  , 2097152   , 3159.260010         
4         , 1.000000  , 2097152   , 3087.439941         
4         , 1.000000  , 2097152   , 3227.816162         
4         , 1.000000  , 2097152   , 3538.654785         
4         , 1.000000  , 2097152   , 4286.406982         
4         , 1.000000  , 2097152   , 3230.786133         
4         , 1.000000  , 2097152   , 3361.013184         
4         , 1.000000  , 2097152   , 3687.614746         
4         , 1.000000  , 2097152   , 3124.559082         
4         , 1.000000  , 2097152   , 3840.673828         
4         , 1.000000  , 2097152   , 3432.936035         
4         , 1.000000  , 2097152   , 3531.485107         
4         , 1.000000  , 2097152   , 3102.547852         
4         , 1.000000  , 2097152   , 3737.470947         
4         , 1.000000  , 2097152   , 3664.277832         
4         , 1.000000  , 2097152   , 3204.594238         
4         , 1.000000  , 2097152   , 3131.984863         
4         , 1.000000  , 2097152   , 3305.776611         
1         , 1.000000  , 4194304   , 1294.295166         
1         , 1.000000  , 4194304   , 1719.689941         
1         , 1.000000  , 4194304   , 1478.362793         
1         , 1.000000  , 4194304   , 1739.668945         
1         , 1.000000  , 4194304   , 1286.982910         
1         , 1.000000  , 4194304   , 1480.683105         
1         , 1.000000  , 4194304   , 1396.988770         
1         , 1.000000  , 4194304   , 1290.922852         
1         , 1.000000  , 4194304   , 2131.149902         
1         , 1.000000  , 4194304   , 1706.291748         
1         , 1.000000  , 4194304   , 1373.506592         
1         , 1.000000  , 4194304   , 1277.999023         
1         , 1.000000  , 4194304   , 1738.650146         
1         , 1.000000  , 4194304   , 1742.597168         
1         , 1.000000  , 4194304   , 1298.965088         
1         , 1.000000  , 4194304   , 1529.447021         
1         , 1.000000  , 4194304   , 1730.821045         
1         , 1.000000  , 4194304   , 1745.005127         
1         , 1.000000  , 4194304   , 1484.055908         
1         , 1.000000  , 4194304   , 1280.525879         
1         , 1.000000  , 4194304   , 1313.511963         
1         , 1.000000  , 4194304   , 1518.645264         
1         , 1.000000  , 4194304   , 1502.910156         
1         , 1.000000  , 4194304   , 1363.033936         
1         , 1.000000  , 4194304   , 1299.127686         
2         , 1.000000  , 4194304   , 1738.713867         
2         , 1.000000  , 4194304   , 2538.274170         
2         , 1.000000  , 4194304   , 1762.059082         
2         , 1.000000  , 4194304   , 2274.833984         
2         , 1.000000  , 4194304   , 1861.238037         
2         , 1.000000  , 4194304   , 2690.274902         
2         , 1.000000  , 4194304   , 2318.353760         
2         , 1.000000  , 4194304   , 1723.640869         
2         , 1.000000  , 4194304   , 1738.143066         
2         , 1.000000  , 4194304   , 1767.542969         
2         , 1.000000  , 4194304   , 1772.260010         
2         , 1.000000  , 4194304   , 1749.309082         
2         , 1.000000  , 4194304   , 2573.468750         
2         , 1.000000  , 4194304   , 2605.968018         
2         , 1.000000  , 4194304   , 2673.948975         
2         , 1.000000  , 4194304   , 2710.722900         
2         , 1.000000  , 4194304   , 2663.041016         
2         , 1.000000  , 4194304   , 2705.260986         
2         , 1.000000  , 4194304   , 2730.768066         
2         , 1.000000  , 4194304   , 2852.645020         
2         , 1.000000  , 4194304   , 1797.579834         
2         , 1.000000  , 4194304   , 2524.984131         
2         , 1.000000  , 4194304   , 1808.025146         
2         , 1.000000  , 4194304   , 2490.537109         
2         , 1.000000  , 4194304   , 2104.365967         
3         , 1.000000  , 4194304   , 3186.990967         
3         , 1.000000  , 4194304   , 2870.654053         
3         , 1.000000  , 4194304   , 3111.604004         
3         , 1.000000  , 4194304   , 2881.113770         
3         , 1.000000  , 4194304   , 2865.323975         
3         , 1.000000  , 4194304   , 2800.059082         
3         , 1.000000  , 4194304   , 2465.065186         
3         , 1.000000  , 4194304   , 2490.416260         
3         , 1.000000  , 4194304   , 2475.036865         
3         , 1.000000  , 4194304   , 2901.605225         
3         , 1.000000  , 4194304   , 2493.553955         
3         , 1.000000  , 4194304   , 2484.979980         
3         , 1.000000  , 4194304   , 2471.387695         
3         , 1.000000  , 4194304   , 3128.008057         
3         , 1.000000  , 4194304   , 3381.964111         
3         , 1.000000  , 4194304   , 2471.173096         
3         , 1.000000  , 4194304   , 2753.901855         
3         , 1.000000  , 4194304   , 2452.406982         
3         , 1.000000  , 4194304   , 2791.390869         
3         , 1.000000  , 4194304   , 2750.119141         
3         , 1.000000  , 4194304   , 2472.098145         
3         , 1.000000  , 4194304   , 2777.690918         
3         , 1.000000  , 4194304   , 2475.887939         
3         , 1.000000  , 4194304   , 2780.739014         
3         , 1.000000  , 4194304   , 2521.553223         
4         , 1.000000  , 4194304   , 3217.629150         
4         , 1.000000  , 4194304   , 3885.644043         
4         , 1.000000  , 4194304   , 3186.013916         
4         , 1.000000  , 4194304   , 3898.716797         
4         , 1.000000  , 4194304   , 3370.287842         
4         , 1.000000  , 4194304   , 3580.829834         
4         , 1.000000  , 4194304   , 3425.641113         
4         , 1.000000  , 4194304   , 3916.792969         
4         , 1.000000  , 4194304   , 3203.425049         
4         , 1.000000  , 4194304   , 3376.501953         
4         , 1.000000  , 4194304   , 3721.812012         
4         , 1.000000  , 4194304   , 3518.416016         
4         , 1.000000  , 4194304   , 3773.667725         
4         , 1.000000  , 4194304   , 3899.081787         
4         , 1.000000  , 4194304   , 3163.958984         
4         , 1.000000  , 4194304   , 3791.053223         
4         , 1.000000  , 4194304   , 3276.292236         
4         , 1.000000  , 4194304   , 3538.083984         
4         , 1.000000  , 4194304   , 3944.840088         
4         , 1.000000  , 4194304   , 3176.698975         
4         , 1.000000  , 4194304   , 4043.406006         
4         , 1.000000  , 4194304   , 3482.578857         
4         , 1.000000  , 4194304   , 3513.542969         
4         , 1.000000  , 4194304   , 4152.524902         
4         , 1.000000  , 4194304   , 3881.046143         
1         , 1.000000  , 8388608   , 2598.572021         
1         , 1.000000  , 8388608   , 2226.510010         
1         , 1.000000  , 8388608   , 3252.549805         
1         , 1.000000  , 8388608   , 2706.328857         
1         , 1.000000  , 8388608   , 2625.908203         
1         , 1.000000  , 8388608   , 2874.044922         
1         , 1.000000  , 8388608   , 2327.325195         
1         , 1.000000  , 8388608   , 3266.763184         
1         , 1.000000  , 8388608   , 2254.659912         
1         , 1.000000  , 8388608   , 2820.062012         
1         , 1.000000  , 8388608   , 2653.398926         
1         , 1.000000  , 8388608   , 2687.599121         
1         , 1.000000  , 8388608   , 2233.355957         
1         , 1.000000  , 8388608   , 3018.239014         
1         , 1.000000  , 8388608   , 2210.136963         
1         , 1.000000  , 8388608   , 2830.591064         
1         , 1.000000  , 8388608   , 2226.216064         
1         , 1.000000  , 8388608   , 2214.853027         
1         , 1.000000  , 8388608   , 2638.909180         
1         , 1.000000  , 8388608   , 2297.016846         
1         , 1.000000  , 8388608   , 2266.214111         
1         , 1.000000  , 8388608   , 2219.982910         
1         , 1.000000  , 8388608   , 2807.597168         
1         , 1.000000  , 8388608   , 3093.164795         
1         , 1.000000  , 8388608   , 2234.288086         
2         , 1.000000  , 8388608   , 2393.944092         
2         , 1.000000  , 8388608   , 2561.403809         
2         , 1.000000  , 8388608   , 3198.175781         
2         , 1.000000  , 8388608   , 2487.907227         
2         , 1.000000  , 8388608   , 2404.113037         
2         , 1.000000  , 8388608   , 2888.049072         
2         , 1.000000  , 8388608   , 2415.203613         
2         , 1.000000  , 8388608   , 2865.599121         
2         , 1.000000  , 8388608   , 2868.442139         
2         , 1.000000  , 8388608   , 2850.949951         
2         , 1.000000  , 8388608   , 2417.153809         
2         , 1.000000  , 8388608   , 2478.867188         
2         , 1.000000  , 8388608   , 2419.417236         
2         , 1.000000  , 8388608   , 2398.818115         
2         , 1.000000  , 8388608   , 2406.707764         
2         , 1.000000  , 8388608   , 2846.303955         
2         , 1.000000  , 8388608   , 3017.499023         
2         , 1.000000  , 8388608   , 2428.494873         
2         , 1.000000  , 8388608   , 2467.051270         
2         , 1.000000  , 8388608   , 2373.236084         
2         , 1.000000  , 8388608   , 2369.282959         
2         , 1.000000  , 8388608   , 2845.644043         
2         , 1.000000  , 8388608   , 2823.116943         
2         , 1.000000  , 8388608   , 2407.212158         
2         , 1.000000  , 8388608   , 2864.475830         
3         , 1.000000  , 8388608   , 3103.705078         
3         , 1.000000  , 8388608   , 3041.663086         
3         , 1.000000  , 8388608   , 3166.715088         
3         , 1.000000  , 8388608   , 4133.440918         
3         , 1.000000  , 8388608   , 3553.977783         
3         , 1.000000  , 8388608   , 3513.984131         
3         , 1.000000  , 8388608   , 3893.855957         
3         , 1.000000  , 8388608   , 3053.217285         
3         , 1.000000  , 8388608   , 3411.786621         
3         , 1.000000  , 8388608   , 3791.748047         
3         , 1.000000  , 8388608   , 3408.881348         
3         , 1.000000  , 8388608   , 3414.821777         
3         , 1.000000  , 8388608   , 3438.751953         
3         , 1.000000  , 8388608   , 3425.783691         
3         , 1.000000  , 8388608   , 3085.045166         
3         , 1.000000  , 8388608   , 3269.717041         
3         , 1.000000  , 8388608   , 3041.788818         
3         , 1.000000  , 8388608   , 3436.910889         
3         , 1.000000  , 8388608   , 3217.973877         
3         , 1.000000  , 8388608   , 3788.113037         
3         , 1.000000  , 8388608   , 3831.180908         
3         , 1.000000  , 8388608   , 3209.100830         
3         , 1.000000  , 8388608   , 3118.760986         
3         , 1.000000  , 8388608   , 3396.781738         
3         , 1.000000  , 8388608   , 3531.020020         
4         , 1.000000  , 8388608   , 3999.007812         
4         , 1.000000  , 8388608   , 4410.616943         
4         , 1.000000  , 8388608   , 3871.640869         
4         , 1.000000  , 8388608   , 3828.150879         
4         , 1.000000  , 8388608   , 4089.067139         
4         , 1.000000  , 8388608   , 3846.903076         
4         , 1.000000  , 8388608   , 3867.552002         
4         , 1.000000  , 8388608   , 3868.536865         
4         , 1.000000  , 8388608   , 4217.299805         
4         , 1.000000  , 8388608   , 4026.725830         
4         , 1.000000  , 8388608   , 4642.175781         
4         , 1.000000  , 8388608   , 3921.077148         
4         , 1.000000  , 8388608   , 4051.518799         
4         , 1.000000  , 8388608   , 3944.074707         
4         , 1.000000  , 8388608   , 3957.894043         
4         , 1.000000  , 8388608   , 3883.603027         
4         , 1.000000  , 8388608   , 3851.945068         
4         , 1.000000  , 8388608   , 4276.032959         
4         , 1.000000  , 8388608   , 4443.016113         
4         , 1.000000  , 8388608   , 4301.328125         
4         , 1.000000  , 8388608   , 4166.902100         
4         , 1.000000  , 8388608   , 4103.658203         
4         , 1.000000  , 8388608   , 4314.489990         
4         , 1.000000  , 8388608   , 3867.029053         
4         , 1.000000  , 8388608   , 3796.357910         
1         , 1.000000  , 16777216  , 4527.798096         
1         , 1.000000  , 16777216  , 3909.445068         
1         , 1.000000  , 16777216  , 3878.709961         
1         , 1.000000  , 16777216  , 4082.316162         
1         , 1.000000  , 16777216  , 4397.012939         
1         , 1.000000  , 16777216  , 4003.479004         
1         , 1.000000  , 16777216  , 4473.766113         
1         , 1.000000  , 16777216  , 3981.683105         
1         , 1.000000  , 16777216  , 4729.473145         
1         , 1.000000  , 16777216  , 4440.418945         
1         , 1.000000  , 16777216  , 4039.274902         
1         , 1.000000  , 16777216  , 3809.528809         
1         , 1.000000  , 16777216  , 4423.625000         
1         , 1.000000  , 16777216  , 4057.260010         
1         , 1.000000  , 16777216  , 4749.117920         
1         , 1.000000  , 16777216  , 4006.301025         
1         , 1.000000  , 16777216  , 3886.036133         
1         , 1.000000  , 16777216  , 3932.198975         
1         , 1.000000  , 16777216  , 3849.798828         
1         , 1.000000  , 16777216  , 3939.847900         
1         , 1.000000  , 16777216  , 3889.802979         
1         , 1.000000  , 16777216  , 3951.130127         
1         , 1.000000  , 16777216  , 4530.759033         
1         , 1.000000  , 16777216  , 4451.015869         
1         , 1.000000  , 16777216  , 4043.808838         
2         , 1.000000  , 16777216  , 4096.259277         
2         , 1.000000  , 16777216  , 4317.203125         
2         , 1.000000  , 16777216  , 3891.539062         
2         , 1.000000  , 16777216  , 4112.687988         
2         , 1.000000  , 16777216  , 4135.360840         
2         , 1.000000  , 16777216  , 3585.324951         
2         , 1.000000  , 16777216  , 4057.781982         
2         , 1.000000  , 16777216  , 4490.924072         
2         , 1.000000  , 16777216  , 3818.750732         
2         , 1.000000  , 16777216  , 4356.688965         
2         , 1.000000  , 16777216  , 3773.285889         
2         , 1.000000  , 16777216  , 4236.288818         
2         , 1.000000  , 16777216  , 4507.198975         
2         , 1.000000  , 16777216  , 3628.614990         
2         , 1.000000  , 16777216  , 3613.796143         
2         , 1.000000  , 16777216  , 4130.628174         
2         , 1.000000  , 16777216  , 4043.925781         
2         , 1.000000  , 16777216  , 3579.137939         
2         , 1.000000  , 16777216  , 4252.322754         
2         , 1.000000  , 16777216  , 3570.295654         
2         , 1.000000  , 16777216  , 3619.446045         
2         , 1.000000  , 16777216  , 4651.276123         
2         , 1.000000  , 16777216  , 3575.982666         
2         , 1.000000  , 16777216  , 4320.481934         
2         , 1.000000  , 16777216  , 3697.614014         
3         , 1.000000  , 16777216  , 4620.672852         
3         , 1.000000  , 16777216  , 4450.565918         
3         , 1.000000  , 16777216  , 4267.915039         
3         , 1.000000  , 16777216  , 4348.797119         
3         , 1.000000  , 16777216  , 4106.728027         
3         , 1.000000  , 16777216  , 4808.244141         
3         , 1.000000  , 16777216  , 4592.777100         
3         , 1.000000  , 16777216  , 4077.613770         
3         , 1.000000  , 16777216  , 4008.934082         
3         , 1.000000  , 16777216  , 4582.420654         
3         , 1.000000  , 16777216  , 4656.857910         
3         , 1.000000  , 16777216  , 4409.343994         
3         , 1.000000  , 16777216  , 5347.056152         
3         , 1.000000  , 16777216  , 4597.716064         
3         , 1.000000  , 16777216  , 4968.567139         
3         , 1.000000  , 16777216  , 4619.760010         
3         , 1.000000  , 16777216  , 4569.917969         
3         , 1.000000  , 16777216  , 4024.540039         
3         , 1.000000  , 16777216  , 4101.259766         
3         , 1.000000  , 16777216  , 4226.604980         
3         , 1.000000  , 16777216  , 4665.242920         
3         , 1.000000  , 16777216  , 4223.774902         
3         , 1.000000  , 16777216  , 4061.630859         
3         , 1.000000  , 16777216  , 4032.978027         
3         , 1.000000  , 16777216  , 4194.475098         
4         , 1.000000  , 16777216  , 5507.840088         
4         , 1.000000  , 16777216  , 4912.958984         
4         , 1.000000  , 16777216  , 4905.185791         
4         , 1.000000  , 16777216  , 4960.656982         
4         , 1.000000  , 16777216  , 5353.274902         
4         , 1.000000  , 16777216  , 6218.103271         
4         , 1.000000  , 16777216  , 4871.630859         
4         , 1.000000  , 16777216  , 5383.346191         
4         , 1.000000  , 16777216  , 5893.892090         
4         , 1.000000  , 16777216  , 4852.443848         
4         , 1.000000  , 16777216  , 5356.528809         
4         , 1.000000  , 16777216  , 5956.402832         
4         , 1.000000  , 16777216  , 4883.468262         
4         , 1.000000  , 16777216  , 4889.224854         
4         , 1.000000  , 16777216  , 5559.971191         
4         , 1.000000  , 16777216  , 5003.681885         
4         , 1.000000  , 16777216  , 4925.747070         
4         , 1.000000  , 16777216  , 4923.164795         
4         , 1.000000  , 16777216  , 4929.023193         
4         , 1.000000  , 16777216  , 4871.028809         
4         , 1.000000  , 16777216  , 4894.520020         
4         , 1.000000  , 16777216  , 4849.976074         
4         , 1.000000  , 16777216  , 5503.389893         
4         , 1.000000  , 16777216  , 5491.898926         
4         , 1.000000  , 16777216  , 4900.123779         
