Affinity  , Usage     , #elements , time                
1         , 1.000000  , 4096      , 644.447021          
1         , 1.000000  , 4096      , 631.476807          
1         , 1.000000  , 4096      , 634.761963          
1         , 1.000000  , 4096      , 1049.336914         
1         , 1.000000  , 4096      , 640.901367          
1         , 1.000000  , 4096      , 640.877930          
1         , 1.000000  , 4096      , 642.697021          
1         , 1.000000  , 4096      , 638.048828          
1         , 1.000000  , 4096      , 1061.239990         
1         , 1.000000  , 4096      , 645.799072          
1         , 1.000000  , 4096      , 1058.455566         
1         , 1.000000  , 4096      , 1065.140137         
1         , 1.000000  , 4096      , 639.925049          
1         , 1.000000  , 4096      , 644.176025          
1         , 1.000000  , 4096      , 1012.447754         
1         , 1.000000  , 4096      , 1057.177979         
1         , 1.000000  , 4096      , 1061.461182         
1         , 1.000000  , 4096      , 639.824951          
1         , 1.000000  , 4096      , 633.602539          
1         , 1.000000  , 4096      , 673.636963          
1         , 1.000000  , 4096      , 633.752930          
1         , 1.000000  , 4096      , 636.396973          
1         , 1.000000  , 4096      , 639.412109          
1         , 1.000000  , 4096      , 1068.872803         
1         , 1.000000  , 4096      , 641.174072          
2         , 1.000000  , 4096      , 373.722900          
2         , 1.000000  , 4096      , 382.386963          
2         , 1.000000  , 4096      , 384.003174          
2         , 1.000000  , 4096      , 386.918701          
2         , 1.000000  , 4096      , 387.202148          
2         , 1.000000  , 4096      , 389.677979          
2         , 1.000000  , 4096      , 384.309814          
2         , 1.000000  , 4096      , 381.895752          
2         , 1.000000  , 4096      , 369.827148          
2         , 1.000000  , 4096      , 381.154053          
2         , 1.000000  , 4096      , 374.839844          
2         , 1.000000  , 4096      , 382.952881          
2         , 1.000000  , 4096      , 390.936035          
2         , 1.000000  , 4096      , 382.712891          
2         , 1.000000  , 4096      , 378.188965          
2         , 1.000000  , 4096      , 373.277100          
2         , 1.000000  , 4096      , 382.849121          
2         , 1.000000  , 4096      , 384.492920          
2         , 1.000000  , 4096      , 385.590576          
2         , 1.000000  , 4096      , 386.013672          
2         , 1.000000  , 4096      , 383.303955          
2         , 1.000000  , 4096      , 382.761230          
2         , 1.000000  , 4096      , 385.798096          
2         , 1.000000  , 4096      , 386.577148          
2         , 1.000000  , 4096      , 381.289795          
3         , 1.000000  , 4096      , 376.237061          
3         , 1.000000  , 4096      , 375.781006          
3         , 1.000000  , 4096      , 374.968994          
3         , 1.000000  , 4096      , 377.979980          
3         , 1.000000  , 4096      , 379.588867          
3         , 1.000000  , 4096      , 372.844482          
3         , 1.000000  , 4096      , 382.552246          
3         , 1.000000  , 4096      , 375.418945          
3         , 1.000000  , 4096      , 385.028809          
3         , 1.000000  , 4096      , 375.291504          
3         , 1.000000  , 4096      , 375.488037          
3         , 1.000000  , 4096      , 376.536865          
3         , 1.000000  , 4096      , 375.286133          
3         , 1.000000  , 4096      , 382.179443          
3         , 1.000000  , 4096      , 385.110840          
3         , 1.000000  , 4096      , 375.811768          
3         , 1.000000  , 4096      , 376.661865          
3         , 1.000000  , 4096      , 382.525879          
3         , 1.000000  , 4096      , 386.269775          
3         , 1.000000  , 4096      , 378.489990          
3         , 1.000000  , 4096      , 380.517822          
3         , 1.000000  , 4096      , 375.594971          
3         , 1.000000  , 4096      , 377.211182          
3         , 1.000000  , 4096      , 377.853027          
3         , 1.000000  , 4096      , 378.445068          
4         , 1.000000  , 4096      , 432.338379          
4         , 1.000000  , 4096      , 430.766846          
4         , 1.000000  , 4096      , 467.721191          
4         , 1.000000  , 4096      , 430.896973          
4         , 1.000000  , 4096      , 430.199219          
4         , 1.000000  , 4096      , 427.604736          
4         , 1.000000  , 4096      , 424.222168          
4         , 1.000000  , 4096      , 432.397705          
4         , 1.000000  , 4096      , 427.041992          
4         , 1.000000  , 4096      , 433.294922          
4         , 1.000000  , 4096      , 437.185303          
4         , 1.000000  , 4096      , 431.762695          
4         , 1.000000  , 4096      , 436.948975          
4         , 1.000000  , 4096      , 431.105957          
4         , 1.000000  , 4096      , 439.624756          
4         , 1.000000  , 4096      , 428.743652          
4         , 1.000000  , 4096      , 429.528076          
4         , 1.000000  , 4096      , 427.849121          
4         , 1.000000  , 4096      , 432.318848          
4         , 1.000000  , 4096      , 439.730225          
4         , 1.000000  , 4096      , 442.137207          
4         , 1.000000  , 4096      , 437.414062          
4         , 1.000000  , 4096      , 432.619141          
4         , 1.000000  , 4096      , 428.781250          
4         , 1.000000  , 4096      , 425.737793          
1         , 1.000000  , 8192      , 2092.702881         
1         , 1.000000  , 8192      , 1243.218750         
1         , 1.000000  , 8192      , 1242.666504         
1         , 1.000000  , 8192      , 2075.439209         
1         , 1.000000  , 8192      , 1229.105957         
1         , 1.000000  , 8192      , 1233.243164         
1         , 1.000000  , 8192      , 1223.667236         
1         , 1.000000  , 8192      , 1233.513672         
1         , 1.000000  , 8192      , 1241.428223         
1         , 1.000000  , 8192      , 1242.175049         
1         , 1.000000  , 8192      , 1669.254883         
1         , 1.000000  , 8192      , 2070.336914         
1         , 1.000000  , 8192      , 1667.360840         
1         , 1.000000  , 8192      , 1228.141846         
1         , 1.000000  , 8192      , 2087.049316         
1         , 1.000000  , 8192      , 1236.639404         
1         , 1.000000  , 8192      , 1224.210938         
1         , 1.000000  , 8192      , 1228.965820         
1         , 1.000000  , 8192      , 1233.016113         
1         , 1.000000  , 8192      , 1246.105713         
1         , 1.000000  , 8192      , 1229.330811         
1         , 1.000000  , 8192      , 1235.691162         
1         , 1.000000  , 8192      , 1243.610352         
1         , 1.000000  , 8192      , 1237.617676         
1         , 1.000000  , 8192      , 1233.114990         
2         , 1.000000  , 8192      , 1034.427002         
2         , 1.000000  , 8192      , 1028.160889         
2         , 1.000000  , 8192      , 652.634033          
2         , 1.000000  , 8192      , 649.611084          
2         , 1.000000  , 8192      , 638.781006          
2         , 1.000000  , 8192      , 649.025879          
2         , 1.000000  , 8192      , 1027.147217         
2         , 1.000000  , 8192      , 654.678711          
2         , 1.000000  , 8192      , 641.235107          
2         , 1.000000  , 8192      , 630.061768          
2         , 1.000000  , 8192      , 1086.943848         
2         , 1.000000  , 8192      , 634.457764          
2         , 1.000000  , 8192      , 1082.490479         
2         , 1.000000  , 8192      , 643.513916          
2         , 1.000000  , 8192      , 642.028076          
2         , 1.000000  , 8192      , 636.542969          
2         , 1.000000  , 8192      , 1014.824707         
2         , 1.000000  , 8192      , 639.739990          
2         , 1.000000  , 8192      , 1008.465088         
2         , 1.000000  , 8192      , 1071.479980         
2         , 1.000000  , 8192      , 1018.342041         
2         , 1.000000  , 8192      , 1021.347168         
2         , 1.000000  , 8192      , 1031.466797         
2         , 1.000000  , 8192      , 636.836914          
2         , 1.000000  , 8192      , 1022.832031         
3         , 1.000000  , 8192      , 549.527100          
3         , 1.000000  , 8192      , 547.946045          
3         , 1.000000  , 8192      , 537.294189          
3         , 1.000000  , 8192      , 532.622803          
3         , 1.000000  , 8192      , 534.768799          
3         , 1.000000  , 8192      , 538.729004          
3         , 1.000000  , 8192      , 544.439941          
3         , 1.000000  , 8192      , 537.514160          
3         , 1.000000  , 8192      , 532.164795          
3         , 1.000000  , 8192      , 536.127197          
3         , 1.000000  , 8192      , 547.297363          
3         , 1.000000  , 8192      , 549.287842          
3         , 1.000000  , 8192      , 535.670898          
3         , 1.000000  , 8192      , 541.383057          
3         , 1.000000  , 8192      , 537.410400          
3         , 1.000000  , 8192      , 546.515137          
3         , 1.000000  , 8192      , 543.125244          
3         , 1.000000  , 8192      , 534.750244          
3         , 1.000000  , 8192      , 541.738037          
3         , 1.000000  , 8192      , 541.990234          
3         , 1.000000  , 8192      , 541.876709          
3         , 1.000000  , 8192      , 538.275879          
3         , 1.000000  , 8192      , 537.019775          
3         , 1.000000  , 8192      , 539.766846          
3         , 1.000000  , 8192      , 535.943848          
4         , 1.000000  , 8192      , 565.258057          
4         , 1.000000  , 8192      , 573.416016          
4         , 1.000000  , 8192      , 552.613037          
4         , 1.000000  , 8192      , 550.034668          
4         , 1.000000  , 8192      , 546.947998          
4         , 1.000000  , 8192      , 558.045166          
4         , 1.000000  , 8192      , 552.408691          
4         , 1.000000  , 8192      , 549.968994          
4         , 1.000000  , 8192      , 556.181885          
4         , 1.000000  , 8192      , 567.208252          
4         , 1.000000  , 8192      , 546.677979          
4         , 1.000000  , 8192      , 543.531982          
4         , 1.000000  , 8192      , 552.460938          
4         , 1.000000  , 8192      , 547.962891          
4         , 1.000000  , 8192      , 550.447021          
4         , 1.000000  , 8192      , 562.471924          
4         , 1.000000  , 8192      , 554.122314          
4         , 1.000000  , 8192      , 548.937012          
4         , 1.000000  , 8192      , 580.235107          
4         , 1.000000  , 8192      , 550.964844          
4         , 1.000000  , 8192      , 558.688232          
4         , 1.000000  , 8192      , 559.255371          
4         , 1.000000  , 8192      , 550.633789          
4         , 1.000000  , 8192      , 552.714600          
4         , 1.000000  , 8192      , 549.516846          
1         , 1.000000  , 16384     , 2438.311035         
1         , 1.000000  , 16384     , 2420.010986         
1         , 1.000000  , 16384     , 2496.784668         
1         , 1.000000  , 16384     , 2442.929199         
1         , 1.000000  , 16384     , 2876.040039         
1         , 1.000000  , 16384     , 2426.289307         
1         , 1.000000  , 16384     , 2858.380371         
1         , 1.000000  , 16384     , 2404.582764         
1         , 1.000000  , 16384     , 2420.134033         
1         , 1.000000  , 16384     , 2401.947021         
1         , 1.000000  , 16384     , 2854.295898         
1         , 1.000000  , 16384     , 2405.986084         
1         , 1.000000  , 16384     , 2441.917969         
1         , 1.000000  , 16384     , 3313.625977         
1         , 1.000000  , 16384     , 2411.708008         
1         , 1.000000  , 16384     , 2443.406006         
1         , 1.000000  , 16384     , 2425.104248         
1         , 1.000000  , 16384     , 2448.407959         
1         , 1.000000  , 16384     , 2472.442627         
1         , 1.000000  , 16384     , 2438.594482         
1         , 1.000000  , 16384     , 2423.127930         
1         , 1.000000  , 16384     , 2858.468994         
1         , 1.000000  , 16384     , 2438.518066         
1         , 1.000000  , 16384     , 2419.477783         
1         , 1.000000  , 16384     , 2849.760986         
2         , 1.000000  , 16384     , 1530.805664         
2         , 1.000000  , 16384     , 1140.301025         
2         , 1.000000  , 16384     , 1153.720215         
2         , 1.000000  , 16384     , 1157.294922         
2         , 1.000000  , 16384     , 1177.486816         
2         , 1.000000  , 16384     , 1179.412842         
2         , 1.000000  , 16384     , 1168.870117         
2         , 1.000000  , 16384     , 1173.270996         
2         , 1.000000  , 16384     , 1526.861084         
2         , 1.000000  , 16384     , 1516.479980         
2         , 1.000000  , 16384     , 1148.354492         
2         , 1.000000  , 16384     , 1165.119141         
2         , 1.000000  , 16384     , 1146.133057         
2         , 1.000000  , 16384     , 1167.185059         
2         , 1.000000  , 16384     , 1152.188965         
2         , 1.000000  , 16384     , 1163.992432         
2         , 1.000000  , 16384     , 1148.776123         
2         , 1.000000  , 16384     , 1138.864258         
2         , 1.000000  , 16384     , 1134.464844         
2         , 1.000000  , 16384     , 1140.002686         
2         , 1.000000  , 16384     , 1184.756104         
2         , 1.000000  , 16384     , 1147.368652         
2         , 1.000000  , 16384     , 1269.729004         
2         , 1.000000  , 16384     , 1182.641113         
2         , 1.000000  , 16384     , 1149.726807         
3         , 1.000000  , 16384     , 989.373047          
3         , 1.000000  , 16384     , 854.208740          
3         , 1.000000  , 16384     , 1217.361084         
3         , 1.000000  , 16384     , 862.017822          
3         , 1.000000  , 16384     , 1198.236816         
3         , 1.000000  , 16384     , 1180.894287         
3         , 1.000000  , 16384     , 862.677246          
3         , 1.000000  , 16384     , 1217.721924         
3         , 1.000000  , 16384     , 859.202393          
3         , 1.000000  , 16384     , 1194.828369         
3         , 1.000000  , 16384     , 1171.095703         
3         , 1.000000  , 16384     , 1182.702881         
3         , 1.000000  , 16384     , 863.253906          
3         , 1.000000  , 16384     , 859.385986          
3         , 1.000000  , 16384     , 849.185303          
3         , 1.000000  , 16384     , 1201.073975         
3         , 1.000000  , 16384     , 1207.841064         
3         , 1.000000  , 16384     , 1193.937744         
3         , 1.000000  , 16384     , 860.516846          
3         , 1.000000  , 16384     , 859.934326          
3         , 1.000000  , 16384     , 1000.375000         
3         , 1.000000  , 16384     , 1197.662842         
3         , 1.000000  , 16384     , 855.749023          
3         , 1.000000  , 16384     , 866.201904          
3         , 1.000000  , 16384     , 999.379150          
4         , 1.000000  , 16384     , 1062.493896         
4         , 1.000000  , 16384     , 809.612793          
4         , 1.000000  , 16384     , 803.913818          
4         , 1.000000  , 16384     , 1071.697998         
4         , 1.000000  , 16384     , 805.245117          
4         , 1.000000  , 16384     , 813.205811          
4         , 1.000000  , 16384     , 1209.659912         
4         , 1.000000  , 16384     , 1079.157471         
4         , 1.000000  , 16384     , 1065.423828         
4         , 1.000000  , 16384     , 799.421875          
4         , 1.000000  , 16384     , 895.136230          
4         , 1.000000  , 16384     , 809.405762          
4         , 1.000000  , 16384     , 819.198242          
4         , 1.000000  , 16384     , 812.075195          
4         , 1.000000  , 16384     , 1073.923340         
4         , 1.000000  , 16384     , 818.758789          
4         , 1.000000  , 16384     , 1223.666992         
4         , 1.000000  , 16384     , 1195.211182         
4         , 1.000000  , 16384     , 1216.468018         
4         , 1.000000  , 16384     , 1210.007812         
4         , 1.000000  , 16384     , 1059.175781         
4         , 1.000000  , 16384     , 816.072998          
4         , 1.000000  , 16384     , 817.526123          
4         , 1.000000  , 16384     , 822.442139          
4         , 1.000000  , 16384     , 1222.719971         
1         , 1.000000  , 32768     , 4798.754883         
1         , 1.000000  , 32768     , 5707.524170         
1         , 1.000000  , 32768     , 4790.339844         
1         , 1.000000  , 32768     , 4793.031006         
1         , 1.000000  , 32768     , 5209.259766         
1         , 1.000000  , 32768     , 5266.418945         
1         , 1.000000  , 32768     , 4874.716797         
1         , 1.000000  , 32768     , 4795.510010         
1         , 1.000000  , 32768     , 4777.809082         
1         , 1.000000  , 32768     , 6064.985840         
1         , 1.000000  , 32768     , 5698.268066         
1         , 1.000000  , 32768     , 4791.666016         
1         , 1.000000  , 32768     , 6156.909912         
1         , 1.000000  , 32768     , 6109.391113         
1         , 1.000000  , 32768     , 6110.221924         
1         , 1.000000  , 32768     , 5218.576172         
1         , 1.000000  , 32768     , 4823.508057         
1         , 1.000000  , 32768     , 4838.177002         
1         , 1.000000  , 32768     , 5338.821777         
1         , 1.000000  , 32768     , 4777.162109         
1         , 1.000000  , 32768     , 5371.609863         
1         , 1.000000  , 32768     , 5220.311035         
1         , 1.000000  , 32768     , 4788.329102         
1         , 1.000000  , 32768     , 4827.381836         
1         , 1.000000  , 32768     , 5210.012207         
2         , 1.000000  , 32768     , 2963.799072         
2         , 1.000000  , 32768     , 2173.895020         
2         , 1.000000  , 32768     , 2181.096680         
2         , 1.000000  , 32768     , 2538.241943         
2         , 1.000000  , 32768     , 2199.791016         
2         , 1.000000  , 32768     , 2548.954102         
2         , 1.000000  , 32768     , 2173.833008         
2         , 1.000000  , 32768     , 2127.893066         
2         , 1.000000  , 32768     , 2540.188965         
2         , 1.000000  , 32768     , 2541.965820         
2         , 1.000000  , 32768     , 2151.839844         
2         , 1.000000  , 32768     , 2181.845947         
2         , 1.000000  , 32768     , 2187.817871         
2         , 1.000000  , 32768     , 2968.218994         
2         , 1.000000  , 32768     , 2161.880859         
2         , 1.000000  , 32768     , 2268.665039         
2         , 1.000000  , 32768     , 2193.867432         
2         , 1.000000  , 32768     , 2167.555176         
2         , 1.000000  , 32768     , 2164.469971         
2         , 1.000000  , 32768     , 2515.782959         
2         , 1.000000  , 32768     , 2142.887939         
2         , 1.000000  , 32768     , 2272.357910         
2         , 1.000000  , 32768     , 2159.696289         
2         , 1.000000  , 32768     , 2165.713135         
2         , 1.000000  , 32768     , 2130.612305         
3         , 1.000000  , 32768     , 1487.885986         
3         , 1.000000  , 32768     , 1471.367920         
3         , 1.000000  , 32768     , 1486.127197         
3         , 1.000000  , 32768     , 1487.423340         
3         , 1.000000  , 32768     , 1476.101074         
3         , 1.000000  , 32768     , 1494.105225         
3         , 1.000000  , 32768     , 1500.712158         
3         , 1.000000  , 32768     , 1649.785889         
3         , 1.000000  , 32768     , 1480.260010         
3         , 1.000000  , 32768     , 1811.950928         
3         , 1.000000  , 32768     , 1484.737305         
3         , 1.000000  , 32768     , 1479.564209         
3         , 1.000000  , 32768     , 1488.013916         
3         , 1.000000  , 32768     , 1477.229004         
3         , 1.000000  , 32768     , 1814.651123         
3         , 1.000000  , 32768     , 1819.330078         
3         , 1.000000  , 32768     , 1483.448242         
3         , 1.000000  , 32768     , 1490.985107         
3         , 1.000000  , 32768     , 1469.690186         
3         , 1.000000  , 32768     , 1497.371094         
3         , 1.000000  , 32768     , 1476.160889         
3         , 1.000000  , 32768     , 1473.447266         
3         , 1.000000  , 32768     , 1492.491699         
3         , 1.000000  , 32768     , 1499.515137         
3         , 1.000000  , 32768     , 1491.514893         
4         , 1.000000  , 32768     , 1318.320068         
4         , 1.000000  , 32768     , 1282.751953         
4         , 1.000000  , 32768     , 1314.268066         
4         , 1.000000  , 32768     , 1337.374268         
4         , 1.000000  , 32768     , 1301.928711         
4         , 1.000000  , 32768     , 1327.132080         
4         , 1.000000  , 32768     , 1603.519287         
4         , 1.000000  , 32768     , 1306.789307         
4         , 1.000000  , 32768     , 1316.419189         
4         , 1.000000  , 32768     , 1320.169434         
4         , 1.000000  , 32768     , 1596.163086         
4         , 1.000000  , 32768     , 1303.662842         
4         , 1.000000  , 32768     , 1322.461182         
4         , 1.000000  , 32768     , 1293.133057         
4         , 1.000000  , 32768     , 1298.320801         
4         , 1.000000  , 32768     , 1340.885254         
4         , 1.000000  , 32768     , 1318.607422         
4         , 1.000000  , 32768     , 1305.520752         
4         , 1.000000  , 32768     , 1589.543213         
4         , 1.000000  , 32768     , 1312.483643         
4         , 1.000000  , 32768     , 1311.709229         
4         , 1.000000  , 32768     , 1308.794189         
4         , 1.000000  , 32768     , 1314.535889         
4         , 1.000000  , 32768     , 1619.038086         
4         , 1.000000  , 32768     , 1324.865967         
1         , 1.000000  , 65536     , 11019.863037        
1         , 1.000000  , 65536     , 12015.446289        
1         , 1.000000  , 65536     , 11017.245117        
1         , 1.000000  , 65536     , 9717.133301         
1         , 1.000000  , 65536     , 9567.475830         
1         , 1.000000  , 65536     , 9550.544922         
1         , 1.000000  , 65536     , 9877.713135         
1         , 1.000000  , 65536     , 9557.514160         
1         , 1.000000  , 65536     , 12020.640137        
1         , 1.000000  , 65536     , 11305.265137        
1         , 1.000000  , 65536     , 9536.804688         
1         , 1.000000  , 65536     , 11096.805420        
1         , 1.000000  , 65536     , 11041.994873        
1         , 1.000000  , 65536     , 10976.099365        
1         , 1.000000  , 65536     , 9996.953857         
1         , 1.000000  , 65536     , 9982.053223         
1         , 1.000000  , 65536     , 9603.593262         
1         , 1.000000  , 65536     , 11330.769043        
1         , 1.000000  , 65536     , 10088.297852        
1         , 1.000000  , 65536     , 9941.328613         
1         , 1.000000  , 65536     , 9560.910156         
1         , 1.000000  , 65536     , 11101.522949        
1         , 1.000000  , 65536     , 10877.324951        
1         , 1.000000  , 65536     , 10169.077148        
1         , 1.000000  , 65536     , 9995.836914         
2         , 1.000000  , 65536     , 4476.421387         
2         , 1.000000  , 65536     , 4467.312988         
2         , 1.000000  , 65536     , 4204.919434         
2         , 1.000000  , 65536     , 4472.769775         
2         , 1.000000  , 65536     , 4175.868896         
2         , 1.000000  , 65536     , 4202.625732         
2         , 1.000000  , 65536     , 4178.743652         
2         , 1.000000  , 65536     , 4580.168213         
2         , 1.000000  , 65536     , 4549.054932         
2         , 1.000000  , 65536     , 4521.995117         
2         , 1.000000  , 65536     , 4206.800049         
2         , 1.000000  , 65536     , 4128.300049         
2         , 1.000000  , 65536     , 4145.180176         
2         , 1.000000  , 65536     , 4592.264648         
2         , 1.000000  , 65536     , 4457.200195         
2         , 1.000000  , 65536     , 4219.754150         
2         , 1.000000  , 65536     , 4475.269775         
2         , 1.000000  , 65536     , 4188.408936         
2         , 1.000000  , 65536     , 4127.895020         
2         , 1.000000  , 65536     , 4481.077148         
2         , 1.000000  , 65536     , 4221.926025         
2         , 1.000000  , 65536     , 4479.202881         
2         , 1.000000  , 65536     , 4144.316162         
2         , 1.000000  , 65536     , 4208.474365         
2         , 1.000000  , 65536     , 4147.302979         
3         , 1.000000  , 65536     , 2733.510986         
3         , 1.000000  , 65536     , 3350.871826         
3         , 1.000000  , 65536     , 2738.302002         
3         , 1.000000  , 65536     , 3232.672852         
3         , 1.000000  , 65536     , 2941.781982         
3         , 1.000000  , 65536     , 2942.247803         
3         , 1.000000  , 65536     , 3040.312012         
3         , 1.000000  , 65536     , 2928.346191         
3         , 1.000000  , 65536     , 2750.786133         
3         , 1.000000  , 65536     , 2747.171875         
3         , 1.000000  , 65536     , 2741.127197         
3         , 1.000000  , 65536     , 2737.311035         
3         , 1.000000  , 65536     , 2746.697021         
3         , 1.000000  , 65536     , 2720.688232         
3         , 1.000000  , 65536     , 2740.297119         
3         , 1.000000  , 65536     , 3366.949951         
3         , 1.000000  , 65536     , 3057.332031         
3         , 1.000000  , 65536     , 2734.942627         
3         , 1.000000  , 65536     , 2749.762451         
3         , 1.000000  , 65536     , 3040.464355         
3         , 1.000000  , 65536     , 2745.976074         
3         , 1.000000  , 65536     , 2756.769043         
3         , 1.000000  , 65536     , 2925.658936         
3         , 1.000000  , 65536     , 2751.393066         
3         , 1.000000  , 65536     , 3034.336426         
4         , 1.000000  , 65536     , 2291.801025         
4         , 1.000000  , 65536     , 3043.684814         
4         , 1.000000  , 65536     , 2903.684326         
4         , 1.000000  , 65536     , 2257.945801         
4         , 1.000000  , 65536     , 2446.020996         
4         , 1.000000  , 65536     , 2274.038818         
4         , 1.000000  , 65536     , 2355.152100         
4         , 1.000000  , 65536     , 2301.699219         
4         , 1.000000  , 65536     , 2262.177002         
4         , 1.000000  , 65536     , 2934.195068         
4         , 1.000000  , 65536     , 2280.256348         
4         , 1.000000  , 65536     , 2279.074707         
4         , 1.000000  , 65536     , 2259.688232         
4         , 1.000000  , 65536     , 2301.761475         
4         , 1.000000  , 65536     , 2276.807861         
4         , 1.000000  , 65536     , 2290.258057         
4         , 1.000000  , 65536     , 2341.088379         
4         , 1.000000  , 65536     , 2300.140137         
4         , 1.000000  , 65536     , 2280.516113         
4         , 1.000000  , 65536     , 2587.072754         
4         , 1.000000  , 65536     , 2278.970459         
4         , 1.000000  , 65536     , 2557.853271         
4         , 1.000000  , 65536     , 2262.428955         
4         , 1.000000  , 65536     , 2597.697754         
4         , 1.000000  , 65536     , 2285.870850         
1         , 1.000000  , 131072    , 22227.214111        
1         , 1.000000  , 131072    , 19028.736572        
1         , 1.000000  , 131072    , 20110.413818        
1         , 1.000000  , 131072    , 19267.965088        
1         , 1.000000  , 131072    , 20266.655029        
1         , 1.000000  , 131072    , 19250.447021        
1         , 1.000000  , 131072    , 19355.766846        
1         , 1.000000  , 131072    , 21384.416992        
1         , 1.000000  , 131072    , 21021.725830        
1         , 1.000000  , 131072    , 22020.631836        
1         , 1.000000  , 131072    , 21175.778809        
1         , 1.000000  , 131072    , 21634.631104        
1         , 1.000000  , 131072    , 19387.180420        
1         , 1.000000  , 131072    , 19033.954346        
1         , 1.000000  , 131072    , 19694.479004        
1         , 1.000000  , 131072    , 21360.156982        
1         , 1.000000  , 131072    , 20592.919678        
1         , 1.000000  , 131072    , 19493.358154        
1         , 1.000000  , 131072    , 20841.317871        
1         , 1.000000  , 131072    , 22300.862305        
1         , 1.000000  , 131072    , 19154.243652        
1         , 1.000000  , 131072    , 20511.468018        
1         , 1.000000  , 131072    , 19452.102051        
1         , 1.000000  , 131072    , 20540.539795        
1         , 1.000000  , 131072    , 20573.743652        
2         , 1.000000  , 131072    , 8290.615967         
2         , 1.000000  , 131072    , 8284.949219         
2         , 1.000000  , 131072    , 8312.910156         
2         , 1.000000  , 131072    , 8303.155029         
2         , 1.000000  , 131072    , 9900.686279         
2         , 1.000000  , 131072    , 8191.940186         
2         , 1.000000  , 131072    , 8503.081055         
2         , 1.000000  , 131072    , 8887.646240         
2         , 1.000000  , 131072    , 8904.605713         
2         , 1.000000  , 131072    , 8218.216064         
2         , 1.000000  , 131072    , 8206.440918         
2         , 1.000000  , 131072    , 8925.686035         
2         , 1.000000  , 131072    , 8213.958740         
2         , 1.000000  , 131072    , 8223.945068         
2         , 1.000000  , 131072    , 8218.625977         
2         , 1.000000  , 131072    , 8264.390625         
2         , 1.000000  , 131072    , 9917.764893         
2         , 1.000000  , 131072    , 8206.626953         
2         , 1.000000  , 131072    , 8251.568115         
2         , 1.000000  , 131072    , 8932.020996         
2         , 1.000000  , 131072    , 9005.067871         
2         , 1.000000  , 131072    , 9112.462891         
2         , 1.000000  , 131072    , 9903.173096         
2         , 1.000000  , 131072    , 8889.372803         
2         , 1.000000  , 131072    , 8880.378174         
3         , 1.000000  , 131072    , 5280.473633         
3         , 1.000000  , 131072    , 5966.881104         
3         , 1.000000  , 131072    , 6324.698486         
3         , 1.000000  , 131072    , 5577.762939         
3         , 1.000000  , 131072    , 5506.924072         
3         , 1.000000  , 131072    , 5195.122803         
3         , 1.000000  , 131072    , 5184.950928         
3         , 1.000000  , 131072    , 5538.007080         
3         , 1.000000  , 131072    , 5217.800293         
3         , 1.000000  , 131072    , 7353.868164         
3         , 1.000000  , 131072    , 5559.212891         
3         , 1.000000  , 131072    , 5859.017090         
3         , 1.000000  , 131072    , 5513.645264         
3         , 1.000000  , 131072    , 5567.030273         
3         , 1.000000  , 131072    , 5844.752930         
3         , 1.000000  , 131072    , 5210.388916         
3         , 1.000000  , 131072    , 5209.040771         
3         , 1.000000  , 131072    , 5410.374023         
3         , 1.000000  , 131072    , 5290.011230         
3         , 1.000000  , 131072    , 6492.761719         
3         , 1.000000  , 131072    , 5200.236084         
3         , 1.000000  , 131072    , 5407.911865         
3         , 1.000000  , 131072    , 5251.952148         
3         , 1.000000  , 131072    , 5403.310303         
3         , 1.000000  , 131072    , 5167.962158         
4         , 1.000000  , 131072    , 4930.882812         
4         , 1.000000  , 131072    , 4333.901123         
4         , 1.000000  , 131072    , 4197.670166         
4         , 1.000000  , 131072    , 4286.542725         
4         , 1.000000  , 131072    , 4497.012939         
4         , 1.000000  , 131072    , 4323.752930         
4         , 1.000000  , 131072    , 4498.273926         
4         , 1.000000  , 131072    , 4488.730957         
4         , 1.000000  , 131072    , 4316.855713         
4         , 1.000000  , 131072    , 4572.821045         
4         , 1.000000  , 131072    , 4223.469971         
4         , 1.000000  , 131072    , 4477.397217         
4         , 1.000000  , 131072    , 4512.875732         
4         , 1.000000  , 131072    , 4961.852295         
4         , 1.000000  , 131072    , 5148.332031         
4         , 1.000000  , 131072    , 4222.691162         
4         , 1.000000  , 131072    , 4334.124023         
4         , 1.000000  , 131072    , 4553.107666         
4         , 1.000000  , 131072    , 4217.888916         
4         , 1.000000  , 131072    , 4259.071289         
4         , 1.000000  , 131072    , 4510.885010         
4         , 1.000000  , 131072    , 4157.882324         
4         , 1.000000  , 131072    , 4257.837891         
4         , 1.000000  , 131072    , 4240.635986         
4         , 1.000000  , 131072    , 4199.823730         
1         , 1.000000  , 262144    , 41351.118896        
1         , 1.000000  , 262144    , 40429.155273        
1         , 1.000000  , 262144    , 41055.281982        
1         , 1.000000  , 262144    , 44049.635254        
1         , 1.000000  , 262144    , 38997.885498        
1         , 1.000000  , 262144    , 37903.279785        
1         , 1.000000  , 262144    , 38626.449951        
1         , 1.000000  , 262144    , 39291.631104        
1         , 1.000000  , 262144    , 40161.058105        
1         , 1.000000  , 262144    , 39298.649170        
1         , 1.000000  , 262144    , 38147.564453        
1         , 1.000000  , 262144    , 43375.330078        
1         , 1.000000  , 262144    , 43043.536133        
1         , 1.000000  , 262144    , 44262.175781        
1         , 1.000000  , 262144    , 38024.230957        
1         , 1.000000  , 262144    , 40171.318359        
1         , 1.000000  , 262144    , 42247.649902        
1         , 1.000000  , 262144    , 39449.335938        
1         , 1.000000  , 262144    , 38576.076416        
1         , 1.000000  , 262144    , 39766.038086        
1         , 1.000000  , 262144    , 38779.776123        
1         , 1.000000  , 262144    , 39419.323975        
1         , 1.000000  , 262144    , 41772.953613        
1         , 1.000000  , 262144    , 42681.722656        
1         , 1.000000  , 262144    , 42037.631836        
2         , 1.000000  , 262144    , 16799.321045        
2         , 1.000000  , 262144    , 16717.248047        
2         , 1.000000  , 262144    , 16692.968018        
2         , 1.000000  , 262144    , 18004.678955        
2         , 1.000000  , 262144    , 16308.355957        
2         , 1.000000  , 262144    , 20016.842773        
2         , 1.000000  , 262144    , 16806.647949        
2         , 1.000000  , 262144    , 16391.560547        
2         , 1.000000  , 262144    , 16189.407959        
2         , 1.000000  , 262144    , 20235.689941        
2         , 1.000000  , 262144    , 16591.561035        
2         , 1.000000  , 262144    , 16324.545166        
2         , 1.000000  , 262144    , 18283.471191        
2         , 1.000000  , 262144    , 18497.530762        
2         , 1.000000  , 262144    , 17127.911865        
2         , 1.000000  , 262144    , 16381.750977        
2         , 1.000000  , 262144    , 18814.017334        
2         , 1.000000  , 262144    , 19134.921875        
2         , 1.000000  , 262144    , 16343.838867        
2         , 1.000000  , 262144    , 16537.945801        
2         , 1.000000  , 262144    , 17865.555176        
2         , 1.000000  , 262144    , 16593.038574        
2         , 1.000000  , 262144    , 18618.789062        
2         , 1.000000  , 262144    , 18809.646973        
2         , 1.000000  , 262144    , 18211.180908        
3         , 1.000000  , 262144    , 10206.533936        
3         , 1.000000  , 262144    , 10998.966064        
3         , 1.000000  , 262144    , 10724.006104        
3         , 1.000000  , 262144    , 10469.674072        
3         , 1.000000  , 262144    , 10287.988037        
3         , 1.000000  , 262144    , 12181.875000        
3         , 1.000000  , 262144    , 10251.063477        
3         , 1.000000  , 262144    , 12216.371826        
3         , 1.000000  , 262144    , 10185.711914        
3         , 1.000000  , 262144    , 10325.179932        
3         , 1.000000  , 262144    , 10614.447998        
3         , 1.000000  , 262144    , 11925.989746        
3         , 1.000000  , 262144    , 10726.109863        
3         , 1.000000  , 262144    , 10968.790039        
3         , 1.000000  , 262144    , 10197.576172        
3         , 1.000000  , 262144    , 10256.107910        
3         , 1.000000  , 262144    , 11221.526123        
3         , 1.000000  , 262144    , 10268.013916        
3         , 1.000000  , 262144    , 10257.756104        
3         , 1.000000  , 262144    , 11325.019043        
3         , 1.000000  , 262144    , 10279.856445        
3         , 1.000000  , 262144    , 10853.778076        
3         , 1.000000  , 262144    , 12107.678223        
3         , 1.000000  , 262144    , 11345.546143        
3         , 1.000000  , 262144    , 11781.450684        
4         , 1.000000  , 262144    , 8781.424072         
4         , 1.000000  , 262144    , 8859.160889         
4         , 1.000000  , 262144    , 8714.753662         
4         , 1.000000  , 262144    , 8788.065918         
4         , 1.000000  , 262144    , 8151.925293         
4         , 1.000000  , 262144    , 8170.047119         
4         , 1.000000  , 262144    , 8125.667969         
4         , 1.000000  , 262144    , 9823.182129         
4         , 1.000000  , 262144    , 8867.874023         
4         , 1.000000  , 262144    , 8882.259277         
4         , 1.000000  , 262144    , 9343.541260         
4         , 1.000000  , 262144    , 8773.522217         
4         , 1.000000  , 262144    , 8117.297119         
4         , 1.000000  , 262144    , 8241.216064         
4         , 1.000000  , 262144    , 8107.790283         
4         , 1.000000  , 262144    , 9081.853271         
4         , 1.000000  , 262144    , 8593.211914         
4         , 1.000000  , 262144    , 8150.538818         
4         , 1.000000  , 262144    , 8896.883057         
4         , 1.000000  , 262144    , 8067.909180         
4         , 1.000000  , 262144    , 8414.136719         
4         , 1.000000  , 262144    , 11854.357666        
4         , 1.000000  , 262144    , 8703.827881         
4         , 1.000000  , 262144    , 9383.682129         
4         , 1.000000  , 262144    , 8126.808105         
1         , 1.000000  , 524288    , 79090.466797        
1         , 1.000000  , 524288    , 82094.655029        
1         , 1.000000  , 524288    , 83098.318848        
1         , 1.000000  , 524288    , 80263.262207        
1         , 1.000000  , 524288    , 78967.438232        
1         , 1.000000  , 524288    , 79400.207031        
1         , 1.000000  , 524288    , 78413.621094        
1         , 1.000000  , 524288    , 81074.074951        
1         , 1.000000  , 524288    , 80025.807129        
1         , 1.000000  , 524288    , 81193.855957        
1         , 1.000000  , 524288    , 80891.807861        
1         , 1.000000  , 524288    , 78105.989990        
1         , 1.000000  , 524288    , 80458.670654        
1         , 1.000000  , 524288    , 80707.223877        
1         , 1.000000  , 524288    , 79293.930908        
1         , 1.000000  , 524288    , 81063.377930        
1         , 1.000000  , 524288    , 77532.232422        
1         , 1.000000  , 524288    , 81090.900879        
1         , 1.000000  , 524288    , 84209.989014        
1         , 1.000000  , 524288    , 77740.686035        
1         , 1.000000  , 524288    , 81982.833984        
1         , 1.000000  , 524288    , 77338.959961        
1         , 1.000000  , 524288    , 83135.996094        
1         , 1.000000  , 524288    , 79464.675781        
1         , 1.000000  , 524288    , 81996.707031        
2         , 1.000000  , 524288    , 33810.912109        
2         , 1.000000  , 524288    , 36295.109863        
2         , 1.000000  , 524288    , 38104.294189        
2         , 1.000000  , 524288    , 37220.198975        
2         , 1.000000  , 524288    , 32622.949951        
2         , 1.000000  , 524288    , 34629.346436        
2         , 1.000000  , 524288    , 36665.782715        
2         , 1.000000  , 524288    , 32970.791016        
2         , 1.000000  , 524288    , 32669.139648        
2         , 1.000000  , 524288    , 34687.806152        
2         , 1.000000  , 524288    , 32580.850342        
2         , 1.000000  , 524288    , 33104.496582        
2         , 1.000000  , 524288    , 33101.481201        
2         , 1.000000  , 524288    , 33071.774902        
2         , 1.000000  , 524288    , 34836.093018        
2         , 1.000000  , 524288    , 34616.105225        
2         , 1.000000  , 524288    , 33327.161865        
2         , 1.000000  , 524288    , 32869.332031        
2         , 1.000000  , 524288    , 35241.750732        
2         , 1.000000  , 524288    , 32703.491699        
2         , 1.000000  , 524288    , 32459.875977        
2         , 1.000000  , 524288    , 33001.629883        
2         , 1.000000  , 524288    , 34379.435791        
2         , 1.000000  , 524288    , 33906.721924        
2         , 1.000000  , 524288    , 35608.063721        
3         , 1.000000  , 524288    , 20924.572021        
3         , 1.000000  , 524288    , 23058.175049        
3         , 1.000000  , 524288    , 22777.911133        
3         , 1.000000  , 524288    , 20322.972412        
3         , 1.000000  , 524288    , 20226.704834        
3         , 1.000000  , 524288    , 20925.846924        
3         , 1.000000  , 524288    , 25792.294189        
3         , 1.000000  , 524288    , 20620.946289        
3         , 1.000000  , 524288    , 20345.145752        
3         , 1.000000  , 524288    , 20637.499756        
3         , 1.000000  , 524288    , 23087.046143        
3         , 1.000000  , 524288    , 24487.902344        
3         , 1.000000  , 524288    , 22485.318848        
3         , 1.000000  , 524288    , 21436.249268        
3         , 1.000000  , 524288    , 20858.556152        
3         , 1.000000  , 524288    , 24518.411133        
3         , 1.000000  , 524288    , 20819.350098        
3         , 1.000000  , 524288    , 24824.765137        
3         , 1.000000  , 524288    , 20178.309814        
3         , 1.000000  , 524288    , 20291.947998        
3         , 1.000000  , 524288    , 20271.501953        
3         , 1.000000  , 524288    , 20428.831055        
3         , 1.000000  , 524288    , 20333.551025        
3         , 1.000000  , 524288    , 20193.297119        
3         , 1.000000  , 524288    , 20310.665527        
4         , 1.000000  , 524288    , 16279.145264        
4         , 1.000000  , 524288    , 15935.271240        
4         , 1.000000  , 524288    , 18851.367676        
4         , 1.000000  , 524288    , 16309.030029        
4         , 1.000000  , 524288    , 16794.063477        
4         , 1.000000  , 524288    , 16101.223145        
4         , 1.000000  , 524288    , 18294.103027        
4         , 1.000000  , 524288    , 18576.124268        
4         , 1.000000  , 524288    , 17561.682129        
4         , 1.000000  , 524288    , 19730.996826        
4         , 1.000000  , 524288    , 16436.092773        
4         , 1.000000  , 524288    , 15922.421875        
4         , 1.000000  , 524288    , 15822.744141        
4         , 1.000000  , 524288    , 20013.464355        
4         , 1.000000  , 524288    , 16060.864990        
4         , 1.000000  , 524288    , 15964.949707        
4         , 1.000000  , 524288    , 20111.848877        
4         , 1.000000  , 524288    , 18932.761719        
4         , 1.000000  , 524288    , 16260.101562        
4         , 1.000000  , 524288    , 16022.668213        
4         , 1.000000  , 524288    , 15805.505127        
4         , 1.000000  , 524288    , 19412.926025        
4         , 1.000000  , 524288    , 18548.552734        
4         , 1.000000  , 524288    , 16181.858154        
4         , 1.000000  , 524288    , 16018.944824        
