# threads , # nodes   , time                
120       , 1024      , 554.961182          
120       , 1024      , 564.938965          
120       , 1024      , 558.775879          
120       , 1024      , 554.712158          
120       , 1024      , 557.114990          
120       , 1024      , 550.478027          
120       , 1024      , 570.557861          
120       , 1024      , 578.322998          
120       , 1024      , 579.043701          
120       , 1024      , 578.116943          
120       , 1024      , 568.106201          
120       , 1024      , 578.073975          
120       , 1024      , 576.767090          
120       , 1024      , 581.783936          
120       , 1024      , 598.045898          
120       , 1024      , 592.511963          
120       , 1024      , 567.949219          
120       , 1024      , 561.937988          
120       , 1024      , 556.580078          
120       , 1024      , 557.910889          
120       , 1024      , 568.889893          
120       , 1024      , 575.884766          
120       , 1024      , 575.951904          
120       , 1024      , 580.135010          
120       , 1024      , 571.325195          
120       , 2048      , 570.070068          
120       , 2048      , 560.432861          
120       , 2048      , 580.802002          
120       , 2048      , 576.684814          
120       , 2048      , 588.424805          
120       , 2048      , 598.697998          
120       , 2048      , 560.430176          
120       , 2048      , 585.738770          
120       , 2048      , 562.844971          
120       , 2048      , 578.359131          
120       , 2048      , 574.683105          
120       , 2048      , 592.246094          
120       , 2048      , 579.123779          
120       , 2048      , 567.864258          
120       , 2048      , 562.397949          
120       , 2048      , 590.507080          
120       , 2048      , 571.426025          
120       , 2048      , 575.291016          
120       , 2048      , 572.314941          
120       , 2048      , 583.261963          
120       , 2048      , 580.036133          
120       , 2048      , 572.333740          
120       , 2048      , 584.394043          
120       , 2048      , 558.593018          
120       , 2048      , 560.302979          
120       , 131072    , 599.647949          
120       , 131072    , 592.247070          
120       , 131072    , 599.283936          
120       , 131072    , 600.709961          
120       , 131072    , 601.608887          
120       , 131072    , 587.813965          
120       , 131072    , 591.795898          
120       , 131072    , 601.208984          
120       , 131072    , 603.863037          
120       , 131072    , 607.015137          
120       , 131072    , 599.750000          
120       , 131072    , 588.427979          
120       , 131072    , 600.289795          
120       , 131072    , 594.406006          
120       , 131072    , 603.629150          
120       , 131072    , 598.364746          
120       , 131072    , 592.808105          
120       , 131072    , 599.345947          
120       , 131072    , 599.862061          
120       , 131072    , 588.489990          
120       , 131072    , 607.077881          
120       , 131072    , 614.777588          
120       , 131072    , 598.689697          
120       , 131072    , 592.596924          
120       , 131072    , 593.590088          
120       , 261444    , 616.744141          
120       , 261444    , 613.564941          
120       , 261444    , 613.164795          
120       , 261444    , 619.437012          
120       , 261444    , 616.255859          
120       , 261444    , 616.080811          
120       , 261444    , 613.432861          
120       , 261444    , 616.045898          
120       , 261444    , 606.150879          
120       , 261444    , 620.022217          
120       , 261444    , 613.776123          
120       , 261444    , 619.909912          
120       , 261444    , 609.435059          
120       , 261444    , 663.993652          
120       , 261444    , 607.336182          
120       , 261444    , 610.272949          
120       , 261444    , 622.014160          
120       , 261444    , 619.825195          
120       , 261444    , 619.259033          
120       , 261444    , 628.656982          
120       , 261444    , 637.932129          
120       , 261444    , 622.630127          
120       , 261444    , 623.180176          
120       , 261444    , 633.081787          
120       , 261444    , 655.343994          
120       , 524288    , 669.006836          
120       , 524288    , 673.826172          
120       , 524288    , 657.907959          
120       , 524288    , 667.480225          
120       , 524288    , 654.943115          
120       , 524288    , 660.977783          
120       , 524288    , 650.320801          
120       , 524288    , 661.170166          
120       , 524288    , 660.688965          
120       , 524288    , 696.880127          
120       , 524288    , 673.148926          
120       , 524288    , 669.671143          
120       , 524288    , 666.967041          
120       , 524288    , 681.267090          
120       , 524288    , 678.556885          
120       , 524288    , 660.030029          
120       , 524288    , 660.116943          
120       , 524288    , 681.025879          
120       , 524288    , 670.508789          
120       , 524288    , 672.651123          
120       , 524288    , 673.417969          
120       , 524288    , 660.005127          
120       , 524288    , 648.410889          
120       , 524288    , 653.569092          
120       , 524288    , 653.819092          
120       , 1048576   , 740.816650          
120       , 1048576   , 752.468018          
120       , 1048576   , 750.525146          
120       , 1048576   , 778.994873          
120       , 1048576   , 804.608154          
120       , 1048576   , 750.172119          
120       , 1048576   , 740.136963          
120       , 1048576   , 766.222168          
120       , 1048576   , 746.559082          
120       , 1048576   , 764.060059          
120       , 1048576   , 751.256836          
120       , 1048576   , 770.439941          
120       , 1048576   , 816.779785          
120       , 1048576   , 758.044189          
120       , 1048576   , 764.839844          
120       , 1048576   , 752.749023          
120       , 1048576   , 801.148926          
120       , 1048576   , 745.824951          
120       , 1048576   , 752.360107          
120       , 1048576   , 728.729004          
120       , 1048576   , 765.197998          
120       , 1048576   , 742.729980          
120       , 1048576   , 751.271973          
120       , 1048576   , 742.738037          
120       , 1048576   , 742.062988          
120       , 2097152   , 943.737061          
120       , 2097152   , 947.093994          
120       , 2097152   , 927.798828          
120       , 2097152   , 932.237793          
120       , 2097152   , 937.165039          
120       , 2097152   , 948.919922          
120       , 2097152   , 936.408936          
120       , 2097152   , 934.849121          
120       , 2097152   , 939.961914          
120       , 2097152   , 934.318115          
120       , 2097152   , 948.262939          
120       , 2097152   , 931.661133          
120       , 2097152   , 949.388184          
120       , 2097152   , 927.495117          
120       , 2097152   , 929.531006          
120       , 2097152   , 957.905029          
120       , 2097152   , 939.063232          
120       , 2097152   , 945.818359          
120       , 2097152   , 959.686035          
120       , 2097152   , 933.635986          
120       , 2097152   , 949.362793          
120       , 2097152   , 934.821045          
120       , 2097152   , 969.410889          
120       , 2097152   , 942.330811          
120       , 2097152   , 962.398926          
120       , 4194304   , 1298.413086         
120       , 4194304   , 1352.958984         
120       , 4194304   , 1290.428955         
120       , 4194304   , 1312.357910         
120       , 4194304   , 1301.269043         
120       , 4194304   , 1306.106201         
120       , 4194304   , 1298.207031         
120       , 4194304   , 1298.168945         
120       , 4194304   , 1299.354980         
120       , 4194304   , 1292.718994         
120       , 4194304   , 1303.820068         
120       , 4194304   , 1322.222900         
120       , 4194304   , 1317.145996         
120       , 4194304   , 1298.483154         
120       , 4194304   , 1313.673828         
120       , 4194304   , 1309.604980         
120       , 4194304   , 1292.814941         
120       , 4194304   , 1297.444824         
120       , 4194304   , 1285.988037         
120       , 4194304   , 1294.695801         
120       , 4194304   , 1283.057861         
120       , 4194304   , 1297.208984         
120       , 4194304   , 1306.020996         
120       , 4194304   , 1303.308838         
120       , 4194304   , 1311.888916         
120       , 8388608   , 2061.870117         
120       , 8388608   , 2068.599854         
120       , 8388608   , 2071.995850         
120       , 8388608   , 2064.934082         
120       , 8388608   , 2051.712891         
120       , 8388608   , 2064.927979         
120       , 8388608   , 2073.857178         
120       , 8388608   , 2068.246826         
120       , 8388608   , 2075.382080         
120       , 8388608   , 2063.551025         
120       , 8388608   , 2059.599854         
120       , 8388608   , 2058.783936         
120       , 8388608   , 2157.154785         
120       , 8388608   , 2068.822021         
120       , 8388608   , 2073.378906         
120       , 8388608   , 2074.363037         
120       , 8388608   , 2159.742920         
120       , 8388608   , 2060.466064         
120       , 8388608   , 2087.915771         
120       , 8388608   , 2076.295166         
120       , 8388608   , 2065.409912         
120       , 8388608   , 2069.486084         
120       , 8388608   , 2053.426025         
120       , 8388608   , 2051.412842         
120       , 8388608   , 2063.494873         
120       , 16777216  , 3657.920898         
120       , 16777216  , 3761.240967         
120       , 16777216  , 3626.885010         
120       , 16777216  , 3669.537842         
120       , 16777216  , 4316.072998         
120       , 16777216  , 4483.843018         
120       , 16777216  , 4292.677734         
120       , 16777216  , 3589.476074         
120       , 16777216  , 3633.634277         
120       , 16777216  , 4416.707031         
120       , 16777216  , 3704.880859         
120       , 16777216  , 3637.701904         
120       , 16777216  , 3617.401855         
120       , 16777216  , 3596.233154         
120       , 16777216  , 3588.621094         
120       , 16777216  , 3583.434082         
120       , 16777216  , 3672.279053         
120       , 16777216  , 3753.228760         
120       , 16777216  , 3658.543945         
120       , 16777216  , 3696.116211         
120       , 16777216  , 3679.849121         
120       , 16777216  , 3645.235840         
120       , 16777216  , 3667.379150         
120       , 16777216  , 3662.434082         
120       , 16777216  , 3692.510010         
