Affinity  , Usage     , # rows    , # cols    , height    , time                
1         , 1.000000  , 10000     , 20        , 20        , 29404.523926        
1         , 1.000000  , 10000     , 20        , 20        , 25704.775879        
1         , 1.000000  , 10000     , 20        , 20        , 27876.855957        
1         , 1.000000  , 10000     , 20        , 20        , 20094.355957        
1         , 1.000000  , 10000     , 20        , 20        , 19785.714844        
1         , 1.000000  , 10000     , 20        , 20        , 26084.143066        
1         , 1.000000  , 10000     , 20        , 20        , 24961.165771        
1         , 1.000000  , 10000     , 20        , 20        , 24229.725098        
1         , 1.000000  , 10000     , 20        , 20        , 23284.581055        
1         , 1.000000  , 10000     , 20        , 20        , 26309.386230        
2         , 1.000000  , 10000     , 20        , 20        , 25720.406006        
2         , 1.000000  , 10000     , 20        , 20        , 23122.216064        
2         , 1.000000  , 10000     , 20        , 20        , 19022.712891        
2         , 1.000000  , 10000     , 20        , 20        , 19677.333984        
2         , 1.000000  , 10000     , 20        , 20        , 24985.933105        
2         , 1.000000  , 10000     , 20        , 20        , 24469.169189        
2         , 1.000000  , 10000     , 20        , 20        , 26039.163818        
2         , 1.000000  , 10000     , 20        , 20        , 25659.130859        
2         , 1.000000  , 10000     , 20        , 20        , 20633.576660        
2         , 1.000000  , 10000     , 20        , 20        , 19697.852051        
3         , 1.000000  , 10000     , 20        , 20        , 25177.608887        
3         , 1.000000  , 10000     , 20        , 20        , 25941.060059        
3         , 1.000000  , 10000     , 20        , 20        , 28914.937012        
3         , 1.000000  , 10000     , 20        , 20        , 21592.401855        
3         , 1.000000  , 10000     , 20        , 20        , 19670.773926        
3         , 1.000000  , 10000     , 20        , 20        , 23410.699951        
3         , 1.000000  , 10000     , 20        , 20        , 19584.643799        
3         , 1.000000  , 10000     , 20        , 20        , 22454.374756        
3         , 1.000000  , 10000     , 20        , 20        , 19622.091064        
3         , 1.000000  , 10000     , 20        , 20        , 22709.462891        
4         , 1.000000  , 10000     , 20        , 20        , 27674.745850        
4         , 1.000000  , 10000     , 20        , 20        , 20567.916992        
4         , 1.000000  , 10000     , 20        , 20        , 20023.407959        
4         , 1.000000  , 10000     , 20        , 20        , 21255.593994        
4         , 1.000000  , 10000     , 20        , 20        , 21213.863770        
4         , 1.000000  , 10000     , 20        , 20        , 21656.915771        
4         , 1.000000  , 10000     , 20        , 20        , 29188.783936        
4         , 1.000000  , 10000     , 20        , 20        , 27890.877930        
4         , 1.000000  , 10000     , 20        , 20        , 19351.297852        
4         , 1.000000  , 10000     , 20        , 20        , 25380.356201        
1         , 1.000000  , 10000     , 40        , 20        , 26864.759766        
1         , 1.000000  , 10000     , 40        , 20        , 21236.155029        
1         , 1.000000  , 10000     , 40        , 20        , 21682.010010        
1         , 1.000000  , 10000     , 40        , 20        , 19065.328125        
1         , 1.000000  , 10000     , 40        , 20        , 20930.307861        
1         , 1.000000  , 10000     , 40        , 20        , 27699.406006        
1         , 1.000000  , 10000     , 40        , 20        , 22305.111816        
1         , 1.000000  , 10000     , 40        , 20        , 25025.529785        
1         , 1.000000  , 10000     , 40        , 20        , 19084.171143        
1         , 1.000000  , 10000     , 40        , 20        , 21904.374023        
2         , 1.000000  , 10000     , 40        , 20        , 21946.958984        
2         , 1.000000  , 10000     , 40        , 20        , 30733.906982        
2         , 1.000000  , 10000     , 40        , 20        , 25553.824951        
2         , 1.000000  , 10000     , 40        , 20        , 19696.593018        
2         , 1.000000  , 10000     , 40        , 20        , 23826.508789        
2         , 1.000000  , 10000     , 40        , 20        , 26725.509766        
2         , 1.000000  , 10000     , 40        , 20        , 22635.252930        
2         , 1.000000  , 10000     , 40        , 20        , 19683.975830        
2         , 1.000000  , 10000     , 40        , 20        , 30479.398926        
2         , 1.000000  , 10000     , 40        , 20        , 20241.114014        
3         , 1.000000  , 10000     , 40        , 20        , 19062.125977        
3         , 1.000000  , 10000     , 40        , 20        , 21057.911865        
3         , 1.000000  , 10000     , 40        , 20        , 21916.187988        
3         , 1.000000  , 10000     , 40        , 20        , 25223.911865        
3         , 1.000000  , 10000     , 40        , 20        , 27174.448975        
3         , 1.000000  , 10000     , 40        , 20        , 28206.787109        
3         , 1.000000  , 10000     , 40        , 20        , 30462.975830        
3         , 1.000000  , 10000     , 40        , 20        , 23134.187988        
3         , 1.000000  , 10000     , 40        , 20        , 25054.549316        
3         , 1.000000  , 10000     , 40        , 20        , 26612.622803        
4         , 1.000000  , 10000     , 40        , 20        , 20735.011230        
4         , 1.000000  , 10000     , 40        , 20        , 21068.248047        
4         , 1.000000  , 10000     , 40        , 20        , 22006.139893        
4         , 1.000000  , 10000     , 40        , 20        , 28251.600830        
4         , 1.000000  , 10000     , 40        , 20        , 24034.305176        
4         , 1.000000  , 10000     , 40        , 20        , 27376.705322        
4         , 1.000000  , 10000     , 40        , 20        , 24120.475098        
4         , 1.000000  , 10000     , 40        , 20        , 26170.980713        
4         , 1.000000  , 10000     , 40        , 20        , 25862.593018        
4         , 1.000000  , 10000     , 40        , 20        , 24346.736084        
1         , 1.000000  , 20000     , 20        , 20        , 49659.322021        
1         , 1.000000  , 20000     , 20        , 20        , 41342.309814        
1         , 1.000000  , 20000     , 20        , 20        , 38189.389404        
1         , 1.000000  , 20000     , 20        , 20        , 40593.106934        
1         , 1.000000  , 20000     , 20        , 20        , 47798.185059        
1         , 1.000000  , 20000     , 20        , 20        , 49282.748047        
1         , 1.000000  , 20000     , 20        , 20        , 45909.855957        
1         , 1.000000  , 20000     , 20        , 20        , 45087.759033        
1         , 1.000000  , 20000     , 20        , 20        , 48158.489014        
1         , 1.000000  , 20000     , 20        , 20        , 51157.017822        
2         , 1.000000  , 20000     , 20        , 20        , 47860.148926        
2         , 1.000000  , 20000     , 20        , 20        , 47379.700684        
2         , 1.000000  , 20000     , 20        , 20        , 39294.698975        
2         , 1.000000  , 20000     , 20        , 20        , 44994.153076        
2         , 1.000000  , 20000     , 20        , 20        , 43796.878906        
2         , 1.000000  , 20000     , 20        , 20        , 41499.875977        
2         , 1.000000  , 20000     , 20        , 20        , 44107.583984        
2         , 1.000000  , 20000     , 20        , 20        , 42503.624023        
2         , 1.000000  , 20000     , 20        , 20        , 39494.022217        
2         , 1.000000  , 20000     , 20        , 20        , 46105.100342        
3         , 1.000000  , 20000     , 20        , 20        , 50220.124023        
3         , 1.000000  , 20000     , 20        , 20        , 45190.723877        
3         , 1.000000  , 20000     , 20        , 20        , 46185.453125        
3         , 1.000000  , 20000     , 20        , 20        , 43087.533936        
3         , 1.000000  , 20000     , 20        , 20        , 46571.911865        
3         , 1.000000  , 20000     , 20        , 20        , 39921.840088        
3         , 1.000000  , 20000     , 20        , 20        , 41584.535156        
3         , 1.000000  , 20000     , 20        , 20        , 45903.892090        
3         , 1.000000  , 20000     , 20        , 20        , 47838.229248        
3         , 1.000000  , 20000     , 20        , 20        , 39271.335938        
4         , 1.000000  , 20000     , 20        , 20        , 41988.909912        
4         , 1.000000  , 20000     , 20        , 20        , 40575.271240        
4         , 1.000000  , 20000     , 20        , 20        , 50131.626953        
4         , 1.000000  , 20000     , 20        , 20        , 53301.898926        
4         , 1.000000  , 20000     , 20        , 20        , 44473.966797        
4         , 1.000000  , 20000     , 20        , 20        , 43621.221924        
4         , 1.000000  , 20000     , 20        , 20        , 50927.840088        
4         , 1.000000  , 20000     , 20        , 20        , 45749.940918        
4         , 1.000000  , 20000     , 20        , 20        , 40699.898926        
4         , 1.000000  , 20000     , 20        , 20        , 40947.735840        
1         , 1.000000  , 20000     , 40        , 20        , 41835.294189        
1         , 1.000000  , 20000     , 40        , 20        , 42622.491943        
1         , 1.000000  , 20000     , 40        , 20        , 47743.317871        
1         , 1.000000  , 20000     , 40        , 20        , 48620.012207        
1         , 1.000000  , 20000     , 40        , 20        , 37955.315918        
1         , 1.000000  , 20000     , 40        , 20        , 40335.801025        
1         , 1.000000  , 20000     , 40        , 20        , 36486.221191        
1         , 1.000000  , 20000     , 40        , 20        , 52999.153076        
1         , 1.000000  , 20000     , 40        , 20        , 50490.543945        
1         , 1.000000  , 20000     , 40        , 20        , 46969.064941        
2         , 1.000000  , 20000     , 40        , 20        , 45462.002930        
2         , 1.000000  , 20000     , 40        , 20        , 37474.400879        
2         , 1.000000  , 20000     , 40        , 20        , 42513.680176        
2         , 1.000000  , 20000     , 40        , 20        , 50683.519775        
2         , 1.000000  , 20000     , 40        , 20        , 37998.695801        
2         , 1.000000  , 20000     , 40        , 20        , 42791.675049        
2         , 1.000000  , 20000     , 40        , 20        , 43699.816895        
2         , 1.000000  , 20000     , 40        , 20        , 48105.676758        
2         , 1.000000  , 20000     , 40        , 20        , 46354.006104        
2         , 1.000000  , 20000     , 40        , 20        , 42564.489990        
3         , 1.000000  , 20000     , 40        , 20        , 40610.930908        
3         , 1.000000  , 20000     , 40        , 20        , 47320.084961        
3         , 1.000000  , 20000     , 40        , 20        , 42460.371094        
3         , 1.000000  , 20000     , 40        , 20        , 36999.869141        
3         , 1.000000  , 20000     , 40        , 20        , 46476.678711        
3         , 1.000000  , 20000     , 40        , 20        , 39461.644043        
3         , 1.000000  , 20000     , 40        , 20        , 48093.951904        
3         , 1.000000  , 20000     , 40        , 20        , 51227.406006        
3         , 1.000000  , 20000     , 40        , 20        , 49118.320068        
3         , 1.000000  , 20000     , 40        , 20        , 43414.789062        
4         , 1.000000  , 20000     , 40        , 20        , 44560.102783        
4         , 1.000000  , 20000     , 40        , 20        , 46605.919922        
4         , 1.000000  , 20000     , 40        , 20        , 45729.627197        
4         , 1.000000  , 20000     , 40        , 20        , 48067.938965        
4         , 1.000000  , 20000     , 40        , 20        , 41627.142822        
4         , 1.000000  , 20000     , 40        , 20        , 50125.317139        
4         , 1.000000  , 20000     , 40        , 20        , 50059.405029        
4         , 1.000000  , 20000     , 40        , 20        , 46484.909912        
4         , 1.000000  , 20000     , 40        , 20        , 44435.550049        
4         , 1.000000  , 20000     , 40        , 20        , 50033.502197        
1         , 1.000000  , 40000     , 20        , 20        , 85958.136230        
1         , 1.000000  , 40000     , 20        , 20        , 90233.620117        
1         , 1.000000  , 40000     , 20        , 20        , 90971.209229        
1         , 1.000000  , 40000     , 20        , 20        , 83107.275879        
1         , 1.000000  , 40000     , 20        , 20        , 89614.023926        
1         , 1.000000  , 40000     , 20        , 20        , 87604.431885        
1         , 1.000000  , 40000     , 20        , 20        , 92481.601807        
1         , 1.000000  , 40000     , 20        , 20        , 87308.736084        
1         , 1.000000  , 40000     , 20        , 20        , 87128.456055        
1         , 1.000000  , 40000     , 20        , 20        , 83547.839355        
2         , 1.000000  , 40000     , 20        , 20        , 93047.054199        
2         , 1.000000  , 40000     , 20        , 20        , 91895.914062        
2         , 1.000000  , 40000     , 20        , 20        , 91061.499023        
2         , 1.000000  , 40000     , 20        , 20        , 80638.623047        
2         , 1.000000  , 40000     , 20        , 20        , 87190.142822        
2         , 1.000000  , 40000     , 20        , 20        , 90311.900879        
2         , 1.000000  , 40000     , 20        , 20        , 92495.083252        
2         , 1.000000  , 40000     , 20        , 20        , 86523.934082        
2         , 1.000000  , 40000     , 20        , 20        , 86176.177979        
2         , 1.000000  , 40000     , 20        , 20        , 94608.110840        
3         , 1.000000  , 40000     , 20        , 20        , 87004.476074        
3         , 1.000000  , 40000     , 20        , 20        , 93242.265869        
3         , 1.000000  , 40000     , 20        , 20        , 93002.313721        
3         , 1.000000  , 40000     , 20        , 20        , 86042.898926        
3         , 1.000000  , 40000     , 20        , 20        , 89433.428955        
3         , 1.000000  , 40000     , 20        , 20        , 89393.438232        
3         , 1.000000  , 40000     , 20        , 20        , 90398.593262        
3         , 1.000000  , 40000     , 20        , 20        , 87016.092041        
3         , 1.000000  , 40000     , 20        , 20        , 87230.653076        
3         , 1.000000  , 40000     , 20        , 20        , 87445.903076        
4         , 1.000000  , 40000     , 20        , 20        , 98532.031006        
4         , 1.000000  , 40000     , 20        , 20        , 88713.894043        
4         , 1.000000  , 40000     , 20        , 20        , 95523.441162        
4         , 1.000000  , 40000     , 20        , 20        , 90873.659180        
4         , 1.000000  , 40000     , 20        , 20        , 86362.698975        
4         , 1.000000  , 40000     , 20        , 20        , 85825.270020        
4         , 1.000000  , 40000     , 20        , 20        , 90876.266846        
4         , 1.000000  , 40000     , 20        , 20        , 90483.125000        
4         , 1.000000  , 40000     , 20        , 20        , 82584.302002        
4         , 1.000000  , 40000     , 20        , 20        , 90864.626709        
1         , 1.000000  , 40000     , 40        , 20        , 91426.552979        
1         , 1.000000  , 40000     , 40        , 20        , 90389.473877        
1         , 1.000000  , 40000     , 40        , 20        , 89537.569092        
1         , 1.000000  , 40000     , 40        , 20        , 88494.437744        
1         , 1.000000  , 40000     , 40        , 20        , 90448.368164        
1         , 1.000000  , 40000     , 40        , 20        , 89594.083008        
1         , 1.000000  , 40000     , 40        , 20        , 93068.408936        
1         , 1.000000  , 40000     , 40        , 20        , 93860.779053        
1         , 1.000000  , 40000     , 40        , 20        , 89582.554932        
1         , 1.000000  , 40000     , 40        , 20        , 83231.929932        
2         , 1.000000  , 40000     , 40        , 20        , 93206.700928        
2         , 1.000000  , 40000     , 40        , 20        , 84919.631836        
2         , 1.000000  , 40000     , 40        , 20        , 88766.797119        
2         , 1.000000  , 40000     , 40        , 20        , 85835.144043        
2         , 1.000000  , 40000     , 40        , 20        , 93309.492188        
2         , 1.000000  , 40000     , 40        , 20        , 91425.318848        
2         , 1.000000  , 40000     , 40        , 20        , 83437.095947        
2         , 1.000000  , 40000     , 40        , 20        , 84690.893066        
2         , 1.000000  , 40000     , 40        , 20        , 80134.052002        
2         , 1.000000  , 40000     , 40        , 20        , 84685.505859        
3         , 1.000000  , 40000     , 40        , 20        , 88047.356201        
3         , 1.000000  , 40000     , 40        , 20        , 88431.079102        
3         , 1.000000  , 40000     , 40        , 20        , 82438.166016        
3         , 1.000000  , 40000     , 40        , 20        , 90091.824951        
3         , 1.000000  , 40000     , 40        , 20        , 90962.090088        
3         , 1.000000  , 40000     , 40        , 20        , 86048.204834        
3         , 1.000000  , 40000     , 40        , 20        , 95522.431885        
3         , 1.000000  , 40000     , 40        , 20        , 83996.462158        
3         , 1.000000  , 40000     , 40        , 20        , 86424.075684        
3         , 1.000000  , 40000     , 40        , 20        , 91981.622070        
4         , 1.000000  , 40000     , 40        , 20        , 86489.429199        
4         , 1.000000  , 40000     , 40        , 20        , 89218.830078        
4         , 1.000000  , 40000     , 40        , 20        , 90125.388184        
4         , 1.000000  , 40000     , 40        , 20        , 85618.380859        
4         , 1.000000  , 40000     , 40        , 20        , 88209.822998        
4         , 1.000000  , 40000     , 40        , 20        , 89062.500977        
4         , 1.000000  , 40000     , 40        , 20        , 88670.228760        
4         , 1.000000  , 40000     , 40        , 20        , 96814.074951        
4         , 1.000000  , 40000     , 40        , 20        , 85856.899902        
4         , 1.000000  , 40000     , 40        , 20        , 92301.181152        
