#threads  , # nodes   , time                
24        , 1024      , 4.662842            
24        , 1024      , 3.448975            
24        , 1024      , 11.510010           
24        , 1024      , 12.019043           
24        , 1024      , 3.801025            
24        , 1024      , 3.080811            
24        , 1024      , 3.403809            
24        , 1024      , 4.310791            
24        , 1024      , 3.784912            
24        , 1024      , 4.428955            
24        , 1024      , 3.565918            
24        , 1024      , 3.714111            
24        , 1024      , 3.927002            
24        , 1024      , 3.446045            
24        , 1024      , 3.086914            
24        , 1024      , 4.829346            
24        , 1024      , 9.723877            
24        , 1024      , 23.590088           
24        , 1024      , 2.676025            
24        , 1024      , 3.135742            
24        , 1024      , 11.510986           
24        , 1024      , 3.785156            
24        , 1024      , 2.783936            
24        , 1024      , 2.500977            
24        , 1024      , 3.603027            
24        , 2048      , 11.096191           
24        , 2048      , 5.503174            
24        , 2048      , 6.709961            
24        , 2048      , 3.843018            
24        , 2048      , 3.395264            
24        , 2048      , 2.872070            
24        , 2048      , 3.412109            
24        , 2048      , 3.149902            
24        , 2048      , 3.755127            
24        , 2048      , 3.285889            
24        , 2048      , 13.667725           
24        , 2048      , 3.208008            
24        , 2048      , 2.761230            
24        , 2048      , 11.080811           
24        , 2048      , 11.258057           
24        , 2048      , 3.041992            
24        , 2048      , 3.791016            
24        , 2048      , 4.318115            
24        , 2048      , 11.721191           
24        , 2048      , 3.380127            
24        , 2048      , 5.016846            
24        , 2048      , 3.405762            
24        , 2048      , 10.535889           
24        , 2048      , 6.570068            
24        , 2048      , 3.850098            
24        , 131072    , 6.126953            
24        , 131072    , 9.650146            
24        , 131072    , 4.869141            
24        , 131072    , 5.971924            
24        , 131072    , 5.544189            
24        , 131072    , 10.204102           
24        , 131072    , 6.695068            
24        , 131072    , 6.695801            
24        , 131072    , 5.451904            
24        , 131072    , 6.779053            
24        , 131072    , 13.187012           
24        , 131072    , 6.661865            
24        , 131072    , 7.024170            
24        , 131072    , 6.510986            
24        , 131072    , 6.741943            
24        , 131072    , 7.015137            
24        , 131072    , 6.813232            
24        , 131072    , 11.246094           
24        , 131072    , 5.819092            
24        , 131072    , 6.794922            
24        , 131072    , 6.753906            
24        , 131072    , 7.831055            
24        , 131072    , 7.108154            
24        , 131072    , 8.003906            
24        , 131072    , 5.666016            
24        , 261444    , 10.128906           
24        , 261444    , 12.561279           
24        , 261444    , 8.260010            
24        , 261444    , 9.929932            
24        , 261444    , 14.232178           
24        , 261444    , 9.402100            
24        , 261444    , 7.514160            
24        , 261444    , 9.537842            
24        , 261444    , 10.545166           
24        , 261444    , 10.131104           
24        , 261444    , 17.867920           
24        , 261444    , 9.991943            
24        , 261444    , 8.315186            
24        , 261444    , 7.833008            
24        , 261444    , 8.813965            
24        , 261444    , 7.653809            
24        , 261444    , 17.476074           
24        , 261444    , 17.437744           
24        , 261444    , 16.894775           
24        , 261444    , 14.616943           
24        , 261444    , 11.668945           
24        , 261444    , 7.701904            
24        , 261444    , 13.602051           
24        , 261444    , 12.528809           
24        , 261444    , 13.242920           
24        , 524288    , 23.963867           
24        , 524288    , 23.244873           
24        , 524288    , 14.946045           
24        , 524288    , 12.550049           
24        , 524288    , 12.225342           
24        , 524288    , 22.216064           
24        , 524288    , 17.574219           
24        , 524288    , 19.387939           
24        , 524288    , 13.473877           
24        , 524288    , 14.780762           
24        , 524288    , 12.241943           
24        , 524288    , 11.470947           
24        , 524288    , 11.729980           
24        , 524288    , 12.616943           
24        , 524288    , 11.319092           
24        , 524288    , 14.404053           
24        , 524288    , 17.359863           
24        , 524288    , 13.317139           
24        , 524288    , 14.002930           
24        , 524288    , 17.828125           
24        , 524288    , 13.871826           
24        , 524288    , 18.467773           
24        , 524288    , 11.949951           
24        , 524288    , 12.101074           
24        , 524288    , 13.684082           
24        , 1048576   , 20.690918           
24        , 1048576   , 25.757080           
24        , 1048576   , 21.991211           
24        , 1048576   , 20.253906           
24        , 1048576   , 21.714111           
24        , 1048576   , 23.451904           
24        , 1048576   , 31.475098           
24        , 1048576   , 24.595947           
24        , 1048576   , 21.686035           
24        , 1048576   , 39.366943           
24        , 1048576   , 22.721924           
24        , 1048576   , 22.618164           
24        , 1048576   , 20.374023           
24        , 1048576   , 22.503174           
24        , 1048576   , 33.918945           
24        , 1048576   , 34.227051           
24        , 1048576   , 20.096924           
24        , 1048576   , 19.909912           
24        , 1048576   , 21.062744           
24        , 1048576   , 20.248047           
24        , 1048576   , 24.693115           
24        , 1048576   , 20.785889           
24        , 1048576   , 31.994873           
24        , 1048576   , 24.806152           
24        , 1048576   , 22.855957           
24        , 2097152   , 43.104736           
24        , 2097152   , 38.416260           
24        , 2097152   , 45.526123           
24        , 2097152   , 42.574707           
24        , 2097152   , 43.078125           
24        , 2097152   , 44.729004           
24        , 2097152   , 41.692871           
24        , 2097152   , 40.723877           
24        , 2097152   , 39.756836           
24        , 2097152   , 42.965820           
24        , 2097152   , 48.441895           
24        , 2097152   , 49.052979           
24        , 2097152   , 41.732910           
24        , 2097152   , 41.647949           
24        , 2097152   , 49.014893           
24        , 2097152   , 39.978027           
24        , 2097152   , 43.448975           
24        , 2097152   , 41.901855           
24        , 2097152   , 41.508789           
24        , 2097152   , 48.477783           
24        , 2097152   , 47.039795           
24        , 2097152   , 39.002930           
24        , 2097152   , 44.900146           
24        , 2097152   , 42.877930           
24        , 2097152   , 38.072266           
24        , 4194304   , 87.346191           
24        , 4194304   , 84.094238           
24        , 4194304   , 83.358887           
24        , 4194304   , 75.867920           
24        , 4194304   , 83.530273           
24        , 4194304   , 89.398682           
24        , 4194304   , 85.810059           
24        , 4194304   , 81.595215           
24        , 4194304   , 89.778809           
24        , 4194304   , 104.447754          
24        , 4194304   , 75.411133           
24        , 4194304   , 95.692871           
24        , 4194304   , 85.571045           
24        , 4194304   , 83.564209           
24        , 4194304   , 86.446045           
24        , 4194304   , 85.221924           
24        , 4194304   , 81.705078           
24        , 4194304   , 79.465820           
24        , 4194304   , 85.552002           
24        , 4194304   , 82.535156           
24        , 4194304   , 88.747070           
24        , 4194304   , 81.976074           
24        , 4194304   , 85.208984           
24        , 4194304   , 84.897949           
24        , 4194304   , 94.439209           
24        , 8388608   , 181.222168          
24        , 8388608   , 194.058105          
24        , 8388608   , 175.754150          
24        , 8388608   , 183.123291          
24        , 8388608   , 175.758057          
24        , 8388608   , 188.816162          
24        , 8388608   , 185.108887          
24        , 8388608   , 176.555176          
24        , 8388608   , 183.423828          
24        , 8388608   , 175.675781          
24        , 8388608   , 185.254150          
24        , 8388608   , 171.196777          
24        , 8388608   , 165.519043          
24        , 8388608   , 180.154053          
24        , 8388608   , 176.297852          
24        , 8388608   , 185.619141          
24        , 8388608   , 175.268799          
24        , 8388608   , 174.750977          
24        , 8388608   , 166.909912          
24        , 8388608   , 173.250000          
24        , 8388608   , 168.049072          
24        , 8388608   , 173.559082          
24        , 8388608   , 179.270020          
24        , 8388608   , 175.250977          
24        , 8388608   , 175.806885          
24        , 16777216  , 399.384033          
24        , 16777216  , 397.438721          
24        , 16777216  , 406.052002          
24        , 16777216  , 385.079834          
24        , 16777216  , 394.270996          
24        , 16777216  , 405.271973          
24        , 16777216  , 395.980225          
24        , 16777216  , 392.938965          
24        , 16777216  , 397.228027          
24        , 16777216  , 384.439941          
24        , 16777216  , 413.962646          
24        , 16777216  , 347.364014          
24        , 16777216  , 386.050049          
24        , 16777216  , 391.832031          
24        , 16777216  , 391.575928          
24        , 16777216  , 414.112061          
24        , 16777216  , 409.901855          
24        , 16777216  , 406.737061          
24        , 16777216  , 384.642822          
24        , 16777216  , 348.651855          
24        , 16777216  , 390.560059          
24        , 16777216  , 403.291992          
24        , 16777216  , 398.733887          
24        , 16777216  , 397.084961          
24        , 16777216  , 413.002930          
