WG size of kernel 1 = 512, WG size of kernel 2= 4 X 4
Create matrix internally in parse, size = 16 
Matrix m is: 
    0.00     0.00     0.00     0.00     0.00     0.00     0.00     0.00     0.00     0.00     0.00     0.00     0.00     0.00     0.00     0.00 
    0.99     0.00     0.00     0.00     0.00     0.00     0.00     0.00     0.00     0.00     0.00     0.00     0.00     0.00     0.00     0.00 
    0.98     0.99     0.00     0.00     0.00     0.00     0.00     0.00     0.00     0.00     0.00     0.00     0.00     0.00     0.00     0.00 
    0.97     0.98     0.99     0.00     0.00     0.00     0.00     0.00     0.00     0.00     0.00     0.00     0.00     0.00     0.00     0.00 
    0.96     0.97     0.98     0.99     0.00     0.00     0.00     0.00     0.00     0.00     0.00     0.00     0.00     0.00     0.00     0.00 
    0.95     0.96     0.97     0.98     0.99     0.00     0.00     0.00     0.00     0.00     0.00     0.00     0.00     0.00     0.00     0.00 
    0.94     0.95     0.96     0.97     0.98     0.99     0.00     0.00     0.00     0.00     0.00     0.00     0.00     0.00     0.00     0.00 
    0.93     0.94     0.95     0.96     0.97     0.98     0.99     0.00     0.00     0.00     0.00     0.00     0.00     0.00     0.00     0.00 
    0.92     0.93     0.94     0.95     0.96     0.97     0.98     0.99     0.00     0.00     0.00     0.00     0.00     0.00     0.00     0.00 
    0.91     0.92     0.93     0.94     0.95     0.96     0.97     0.98     0.99     0.00     0.00     0.00     0.00     0.00     0.00     0.00 
    0.90     0.91     0.92     0.93     0.94     0.95     0.96     0.97     0.98     0.99     0.00     0.00     0.00     0.00     0.00     0.00 
    0.90     0.90     0.91     0.92     0.93     0.94     0.95     0.96     0.97     0.98     0.99     0.00     0.00     0.00     0.00     0.00 
    0.89     0.90     0.90     0.91     0.92     0.93     0.94     0.95     0.96     0.97     0.98     0.99     0.00     0.00     0.00     0.00 
    0.88     0.89     0.90     0.90     0.91     0.92     0.93     0.94     0.95     0.96     0.97     0.98     0.99     0.00     0.00     0.00 
    0.87     0.88     0.89     0.90     0.90     0.91     0.92     0.93     0.94     0.95     0.96     0.97     0.98     0.99     0.00     0.00 
    0.86     0.87     0.88     0.89     0.90     0.90     0.91     0.92     0.93     0.94     0.95     0.96     0.97     0.98     0.99     0.00 

Matrix a is: 
   10.00     9.90     9.80     9.70     9.61     9.51     9.42     9.32     9.23     9.14     9.05     8.96     8.87     8.78     8.69     8.61 
    0.00     0.20     0.20     0.19     0.19     0.19     0.19     0.19     0.18     0.18     0.18     0.18     0.18     0.18     0.17     0.17 
    0.00     0.00     0.20     0.20     0.19     0.19     0.19     0.19     0.19     0.18     0.18     0.18     0.18     0.18     0.18     0.17 
    0.00     0.00     0.00     0.20     0.20     0.19     0.19     0.19     0.19     0.19     0.18     0.18     0.18     0.18     0.18     0.18 
    0.00     0.00     0.00     0.00     0.20     0.20     0.19     0.19     0.19     0.19     0.19     0.18     0.18     0.18     0.18     0.18 
    0.00     0.00     0.00     0.00     0.00     0.20     0.20     0.19     0.19     0.19     0.19     0.19     0.18     0.18     0.18     0.18 
    0.00     0.00     0.00     0.00     0.00     0.00     0.20     0.20     0.19     0.19     0.19     0.19     0.19     0.18     0.18     0.18 
    0.00     0.00     0.00     0.00     0.00     0.00     0.00     0.20     0.20     0.19     0.19     0.19     0.19     0.19     0.18     0.18 
    0.00     0.00     0.00     0.00     0.00     0.00     0.00     0.00     0.20     0.20     0.19     0.19     0.19     0.19     0.19     0.18 
    0.00     0.00     0.00     0.00     0.00     0.00     0.00     0.00     0.00     0.20     0.20     0.19     0.19     0.19     0.19     0.19 
    0.00     0.00     0.00     0.00     0.00     0.00     0.00     0.00     0.00     0.00     0.20     0.20     0.19     0.19     0.19     0.19 
    0.00     0.00     0.00     0.00     0.00     0.00     0.00     0.00     0.00     0.00     0.00     0.20     0.20     0.19     0.19     0.19 
    0.00     0.00     0.00     0.00     0.00     0.00     0.00     0.00     0.00     0.00     0.00     0.00     0.20     0.20     0.19     0.19 
    0.00     0.00     0.00     0.00     0.00     0.00     0.00     0.00     0.00     0.00     0.00     0.00     0.00     0.20     0.20     0.19 
    0.00     0.00     0.00     0.00     0.00     0.00     0.00     0.00     0.00     0.00     0.00     0.00     0.00     0.00     0.20     0.20 
    0.00     0.00     0.00     0.00     0.00     0.00     0.00     0.00     0.00     0.00     0.00     0.00     0.00     0.00     0.00     0.20 

Array b is: 
1.00 0.01 0.01 0.01 0.01 0.01 0.01 0.01 0.01 0.01 0.01 0.01 0.01 0.01 0.01 0.01 

The final solution is: 
0.05 0.00 0.00 0.00 0.00 0.00 0.00 0.00 0.00 0.00 0.00 0.00 0.00 0.00 0.00 0.05 


Time total (including memory transfers)	0.010370 sec
Time for CUDA kernels:	0.010370 sec
