Affinity  , Usage     , # nodes   , time                
1         , 1024      , 37.586079           
1         , 1024      , 17.226942           
1         , 1024      , 15.870996           
1         , 1024      , 12.877821           
1         , 1024      , 12.420872           
1         , 1024      , 13.028856           
1         , 1024      , 10.639805           
1         , 1024      , 13.040958           
1         , 1024      , 10.978062           
1         , 1024      , 11.581131           
1         , 1024      , 16.010967           
1         , 1024      , 11.247784           
1         , 1024      , 12.772961           
1         , 1024      , 12.102880           
1         , 1024      , 16.173977           
1         , 1024      , 15.150057           
1         , 1024      , 18.641878           
1         , 1024      , 12.799952           
1         , 1024      , 14.246822           
1         , 1024      , 13.570940           
1         , 1024      , 11.694965           
1         , 1024      , 11.840746           
1         , 1024      , 12.736118           
1         , 1024      , 11.848976           
1         , 1024      , 11.535976           
2         , 1024      , 43.559937           
2         , 1024      , 33.977997           
2         , 1024      , 28.589981           
2         , 1024      , 31.340776           
2         , 1024      , 38.530952           
2         , 1024      , 35.037008           
2         , 1024      , 55.593935           
2         , 1024      , 54.063118           
2         , 1024      , 32.535172           
2         , 1024      , 28.571991           
2         , 1024      , 35.812757           
2         , 1024      , 31.145168           
2         , 1024      , 22.152805           
2         , 1024      , 28.713867           
2         , 1024      , 28.087025           
2         , 1024      , 24.327896           
2         , 1024      , 31.065107           
2         , 1024      , 28.154161           
2         , 1024      , 27.104858           
2         , 1024      , 23.114803           
2         , 1024      , 28.762106           
2         , 1024      , 25.705069           
2         , 1024      , 27.166143           
2         , 1024      , 29.068071           
2         , 1024      , 26.130270           
3         , 1024      , 42.047937           
3         , 1024      , 33.760054           
3         , 1024      , 30.420019           
3         , 1024      , 32.298010           
3         , 1024      , 37.647129           
3         , 1024      , 32.682821           
3         , 1024      , 31.436211           
3         , 1024      , 36.788925           
3         , 1024      , 33.598034           
3         , 1024      , 38.377047           
3         , 1024      , 41.085060           
3         , 1024      , 38.086033           
3         , 1024      , 34.495790           
3         , 1024      , 34.168892           
3         , 1024      , 33.196035           
3         , 1024      , 26.720156           
3         , 1024      , 23.690022           
3         , 1024      , 26.724201           
3         , 1024      , 26.329107           
3         , 1024      , 26.253880           
3         , 1024      , 33.063059           
3         , 1024      , 25.817797           
3         , 1024      , 31.826904           
3         , 1024      , 41.170130           
3         , 1024      , 36.418886           
4         , 1024      , 45.050894           
4         , 1024      , 29.143204           
4         , 1024      , 24.917921           
4         , 1024      , 28.155209           
4         , 1024      , 28.208908           
4         , 1024      , 25.656015           
4         , 1024      , 32.178055           
4         , 1024      , 30.583025           
4         , 1024      , 30.838055           
4         , 1024      , 25.077045           
4         , 1024      , 25.630894           
4         , 1024      , 23.420158           
4         , 1024      , 28.208853           
4         , 1024      , 31.463106           
4         , 1024      , 26.321125           
4         , 1024      , 26.341133           
4         , 1024      , 25.289036           
4         , 1024      , 27.188068           
4         , 1024      , 27.704090           
4         , 1024      , 23.859041           
4         , 1024      , 24.640896           
4         , 1024      , 26.581919           
4         , 1024      , 26.402056           
4         , 1024      , 24.321102           
4         , 1024      , 28.247187           
1         , 2048      , 14.482998           
1         , 2048      , 14.090946           
1         , 2048      , 14.438978           
1         , 2048      , 14.383902           
1         , 2048      , 13.244791           
1         , 2048      , 11.038910           
1         , 2048      , 11.898033           
1         , 2048      , 12.434052           
1         , 2048      , 10.883013           
1         , 2048      , 12.315950           
1         , 2048      , 12.814955           
1         , 2048      , 11.910940           
1         , 2048      , 12.928982           
1         , 2048      , 12.849752           
1         , 2048      , 12.184883           
1         , 2048      , 14.099215           
1         , 2048      , 11.170771           
1         , 2048      , 14.638184           
1         , 2048      , 13.175945           
1         , 2048      , 13.338757           
1         , 2048      , 16.433084           
1         , 2048      , 13.785175           
1         , 2048      , 11.964945           
1         , 2048      , 13.225065           
1         , 2048      , 12.156057           
2         , 2048      , 32.768904           
2         , 2048      , 28.310137           
2         , 2048      , 26.868092           
2         , 2048      , 23.310131           
2         , 2048      , 21.988155           
2         , 2048      , 26.925154           
2         , 2048      , 24.940134           
2         , 2048      , 30.350943           
2         , 2048      , 29.298826           
2         , 2048      , 25.135981           
2         , 2048      , 30.267847           
2         , 2048      , 25.830070           
2         , 2048      , 26.603884           
2         , 2048      , 30.065912           
2         , 2048      , 25.954935           
2         , 2048      , 30.930965           
2         , 2048      , 27.551014           
2         , 2048      , 22.307001           
2         , 2048      , 30.086954           
2         , 2048      , 28.612226           
2         , 2048      , 28.138790           
2         , 2048      , 26.305048           
2         , 2048      , 26.043026           
2         , 2048      , 30.801109           
2         , 2048      , 26.001856           
3         , 2048      , 66.579746           
3         , 2048      , 45.458162           
3         , 2048      , 52.158861           
3         , 2048      , 57.909132           
3         , 2048      , 57.136106           
3         , 2048      , 53.683901           
3         , 2048      , 50.178009           
3         , 2048      , 72.424849           
3         , 2048      , 56.827763           
3         , 2048      , 48.969057           
3         , 2048      , 50.501141           
3         , 2048      , 48.148909           
3         , 2048      , 50.155041           
3         , 2048      , 54.969715           
3         , 2048      , 46.188154           
3         , 2048      , 47.206240           
3         , 2048      , 55.422071           
3         , 2048      , 57.405954           
3         , 2048      , 57.557207           
3         , 2048      , 52.050117           
3         , 2048      , 59.014826           
3         , 2048      , 59.261105           
3         , 2048      , 53.091906           
3         , 2048      , 59.903025           
3         , 2048      , 47.272875           
4         , 2048      , 74.871119           
4         , 2048      , 68.628910           
4         , 2048      , 65.957970           
4         , 2048      , 66.406103           
4         , 2048      , 63.084965           
4         , 2048      , 48.916759           
4         , 2048      , 58.193909           
4         , 2048      , 93.338974           
4         , 2048      , 63.984150           
4         , 2048      , 57.505974           
4         , 2048      , 52.584179           
4         , 2048      , 49.724154           
4         , 2048      , 72.666992           
4         , 2048      , 66.858923           
4         , 2048      , 60.383131           
4         , 2048      , 63.548018           
4         , 2048      , 49.044773           
4         , 2048      , 70.982338           
4         , 2048      , 72.141920           
4         , 2048      , 56.603844           
4         , 2048      , 74.215004           
4         , 2048      , 67.153149           
4         , 2048      , 81.284904           
4         , 2048      , 71.900135           
4         , 2048      , 78.172123           
1         , 131072    , 21.201920           
1         , 131072    , 19.645258           
1         , 131072    , 23.570145           
1         , 131072    , 18.293955           
1         , 131072    , 19.439989           
1         , 131072    , 24.029062           
1         , 131072    , 19.994032           
1         , 131072    , 19.291161           
1         , 131072    , 18.087059           
1         , 131072    , 20.338911           
1         , 131072    , 26.575975           
1         , 131072    , 23.965084           
1         , 131072    , 37.487017           
1         , 131072    , 23.658884           
1         , 131072    , 22.862883           
1         , 131072    , 19.288111           
1         , 131072    , 21.497032           
1         , 131072    , 18.519238           
1         , 131072    , 22.114113           
1         , 131072    , 22.385176           
1         , 131072    , 20.396832           
1         , 131072    , 20.353043           
1         , 131072    , 19.478199           
1         , 131072    , 19.138992           
1         , 131072    , 25.346972           
2         , 131072    , 52.039251           
2         , 131072    , 41.416210           
2         , 131072    , 45.163885           
2         , 131072    , 33.727024           
2         , 131072    , 36.808882           
2         , 131072    , 46.448065           
2         , 131072    , 35.522022           
2         , 131072    , 36.314062           
2         , 131072    , 44.686092           
2         , 131072    , 34.919058           
2         , 131072    , 34.601040           
2         , 131072    , 40.599218           
2         , 131072    , 32.989029           
2         , 131072    , 41.987019           
2         , 131072    , 35.633110           
2         , 131072    , 44.455008           
2         , 131072    , 32.829905           
2         , 131072    , 44.227968           
2         , 131072    , 35.068928           
2         , 131072    , 44.000975           
2         , 131072    , 44.616014           
2         , 131072    , 34.794733           
2         , 131072    , 33.925932           
2         , 131072    , 41.481909           
2         , 131072    , 44.736898           
3         , 131072    , 80.885946           
3         , 131072    , 61.892981           
3         , 131072    , 60.647108           
3         , 131072    , 57.532934           
3         , 131072    , 81.262085           
3         , 131072    , 65.313210           
3         , 131072    , 91.696117           
3         , 131072    , 63.396069           
3         , 131072    , 136.854862          
3         , 131072    , 75.830086           
3         , 131072    , 75.156164           
3         , 131072    , 92.485270           
3         , 131072    , 88.902916           
3         , 131072    , 80.997066           
3         , 131072    , 59.598804           
3         , 131072    , 60.199894           
3         , 131072    , 73.392853           
3         , 131072    , 70.426947           
3         , 131072    , 88.917065           
3         , 131072    , 97.124750           
3         , 131072    , 77.891827           
3         , 131072    , 78.830915           
3         , 131072    , 83.565052           
3         , 131072    , 71.417896           
3         , 131072    , 74.128983           
4         , 131072    , 112.474030          
4         , 131072    , 99.601950           
4         , 131072    , 108.461258          
4         , 131072    , 98.109905           
4         , 131072    , 92.262997           
4         , 131072    , 113.943956          
4         , 131072    , 97.351917           
4         , 131072    , 112.562981          
4         , 131072    , 94.762182           
4         , 131072    , 105.200161          
4         , 131072    , 99.763229           
4         , 131072    , 104.435005          
4         , 131072    , 96.134869           
4         , 131072    , 116.745047          
4         , 131072    , 98.213795           
4         , 131072    , 95.901857           
4         , 131072    , 120.108166          
4         , 131072    , 106.922016          
4         , 131072    , 85.289963           
4         , 131072    , 105.305098          
4         , 131072    , 96.301104           
4         , 131072    , 108.419872          
4         , 131072    , 98.995832           
4         , 131072    , 97.179163           
1         , 261444    , 26.907074           
1         , 261444    , 31.264929           
1         , 261444    , 29.078005           
1         , 261444    , 31.909861           
1         , 261444    , 28.153933           
1         , 261444    , 31.041874           
1         , 261444    , 28.024298           
1         , 261444    , 27.805950           
1         , 261444    , 31.021070           
1         , 261444    , 32.133087           
1         , 261444    , 28.073063           
1         , 261444    , 30.447058           
1         , 261444    , 29.840839           
1         , 261444    , 30.793892           
1         , 261444    , 28.637833           
1         , 261444    , 29.611988           
1         , 261444    , 29.494892           
1         , 261444    , 30.878149           
1         , 261444    , 29.184107           
1         , 261444    , 27.511982           
1         , 261444    , 30.594997           
1         , 261444    , 28.849800           
1         , 261444    , 27.958950           
1         , 261444    , 29.232965           
1         , 261444    , 31.648048           
2         , 261444    , 53.236971           
2         , 261444    , 51.121840           
2         , 261444    , 51.987291           
2         , 261444    , 43.934942           
2         , 261444    , 45.849043           
2         , 261444    , 47.164320           
2         , 261444    , 35.363228           
2         , 261444    , 40.609953           
2         , 261444    , 44.308044           
2         , 261444    , 37.663868           
2         , 261444    , 42.950853           
2         , 261444    , 42.999893           
2         , 261444    , 68.088978           
2         , 261444    , 42.826054           
2         , 261444    , 46.634844           
2         , 261444    , 37.024015           
2         , 261444    , 43.599844           
2         , 261444    , 49.566000           
2         , 261444    , 43.305235           
2         , 261444    , 49.360966           
2         , 261444    , 50.992117           
2         , 261444    , 63.866892           
2         , 261444    , 56.201973           
2         , 261444    , 89.443090           
2         , 261444    , 54.984081           
3         , 261444    , 100.291000          
3         , 261444    , 93.027964           
3         , 261444    , 87.288139           
3         , 261444    , 92.154139           
3         , 261444    , 117.189062          
3         , 261444    , 111.739803          
3         , 261444    , 132.823992          
3         , 261444    , 158.194019          
3         , 261444    , 137.918083          
3         , 261444    , 98.724115           
3         , 261444    , 91.195173           
3         , 261444    , 79.713120           
3         , 261444    , 82.820921           
3         , 261444    , 98.718046           
3         , 261444    , 86.322950           
3         , 261444    , 106.535934          
3         , 261444    , 93.761257           
3         , 261444    , 86.543201           
3         , 261444    , 93.976959           
3         , 261444    , 103.645151          
3         , 261444    , 82.113094           
3         , 261444    , 137.436949          
3         , 261444    , 98.238859           
3         , 261444    , 152.935001          
3         , 261444    , 137.337961          
4         , 261444    , 159.830956          
4         , 261444    , 130.815905          
4         , 261444    , 140.874016          
4         , 261444    , 160.178032          
4         , 261444    , 151.742897          
4         , 261444    , 165.381828          
4         , 261444    , 104.082024          
4         , 261444    , 162.145248          
4         , 261444    , 161.991112          
4         , 261444    , 136.338972          
4         , 261444    , 123.920881          
4         , 261444    , 165.161034          
4         , 261444    , 143.368099          
4         , 261444    , 111.964996          
4         , 261444    , 146.276981          
4         , 261444    , 117.240150          
4         , 261444    , 142.278027          
4         , 261444    , 142.719036          
4         , 261444    , 175.495186          
4         , 261444    , 112.962944          
4         , 261444    , 151.403967          
4         , 261444    , 146.094988          
4         , 261444    , 161.271070          
4         , 261444    , 136.939917          
4         , 261444    , 136.410992          
1         , 524288    , 58.224894           
1         , 524288    , 59.604858           
1         , 524288    , 56.176985           
1         , 524288    , 58.608938           
1         , 524288    , 61.179052           
1         , 524288    , 57.265940           
1         , 524288    , 57.437798           
1         , 524288    , 55.189791           
1         , 524288    , 60.016085           
1         , 524288    , 59.521177           
1         , 524288    , 56.088900           
1         , 524288    , 58.065802           
1         , 524288    , 57.838037           
1         , 524288    , 58.523973           
1         , 524288    , 59.341791           
1         , 524288    , 59.280916           
1         , 524288    , 59.154869           
1         , 524288    , 60.211967           
1         , 524288    , 64.140081           
1         , 524288    , 58.395195           
1         , 524288    , 57.383146           
1         , 524288    , 59.061008           
1         , 524288    , 50.509863           
1         , 524288    , 57.237906           
1         , 524288    , 57.686985           
2         , 524288    , 92.628101           
2         , 524288    , 85.450081           
2         , 524288    , 83.928228           
2         , 524288    , 81.455111           
2         , 524288    , 93.184885           
2         , 524288    , 84.296097           
2         , 524288    , 90.309769           
2         , 524288    , 107.208878          
2         , 524288    , 81.677078           
2         , 524288    , 76.896944           
2         , 524288    , 81.010078           
2         , 524288    , 85.108986           
2         , 524288    , 86.430054           
2         , 524288    , 107.903046          
2         , 524288    , 82.250172           
2         , 524288    , 81.367069           
2         , 524288    , 82.604036           
2         , 524288    , 78.169155           
2         , 524288    , 82.193035           
2         , 524288    , 87.435936           
2         , 524288    , 86.886791           
2         , 524288    , 88.620081           
2         , 524288    , 97.449995           
2         , 524288    , 81.219162           
2         , 524288    , 143.785107          
3         , 524288    , 122.920031          
3         , 524288    , 95.607904           
3         , 524288    , 124.149063          
3         , 524288    , 109.669104          
3         , 524288    , 97.828175           
3         , 524288    , 112.707018          
3         , 524288    , 117.719204          
3         , 524288    , 92.918156           
3         , 524288    , 106.462011          
3         , 524288    , 103.385872          
3         , 524288    , 151.665823          
3         , 524288    , 131.535151          
3         , 524288    , 138.693115          
3         , 524288    , 152.594114          
3         , 524288    , 103.605047          
3         , 524288    , 97.298058           
3         , 524288    , 108.703045          
3         , 524288    , 120.137009          
3         , 524288    , 115.458954          
3         , 524288    , 108.456980          
3         , 524288    , 119.008898          
3         , 524288    , 110.822886          
3         , 524288    , 111.953129          
3         , 524288    , 93.457878           
3         , 524288    , 94.978994           
4         , 524288    , 197.354126          
4         , 524288    , 197.036001          
4         , 524288    , 192.344025          
4         , 524288    , 262.275154          
4         , 524288    , 197.833172          
4         , 524288    , 182.032127          
4         , 524288    , 150.583067          
4         , 524288    , 156.263124          
4         , 524288    , 203.510914          
4         , 524288    , 236.434912          
4         , 524288    , 171.483034          
4         , 524288    , 200.377962          
4         , 524288    , 203.312819          
4         , 524288    , 201.993904          
4         , 524288    , 223.442125          
4         , 524288    , 143.719221          
4         , 524288    , 173.838942          
4         , 524288    , 164.965122          
4         , 524288    , 243.494989          
4         , 524288    , 219.547916          
4         , 524288    , 212.878920          
4         , 524288    , 182.158100          
4         , 524288    , 166.555185          
4         , 524288    , 206.342093          
4         , 524288    , 185.393845          
1         , 1048576   , 84.648806           
1         , 1048576   , 84.116859           
1         , 1048576   , 80.893066           
1         , 1048576   , 83.108036           
1         , 1048576   , 82.754738           
1         , 1048576   , 81.892025           
1         , 1048576   , 90.291128           
1         , 1048576   , 81.336945           
1         , 1048576   , 79.787985           
1         , 1048576   , 82.867128           
1         , 1048576   , 80.752972           
1         , 1048576   , 82.387156           
1         , 1048576   , 81.085829           
1         , 1048576   , 83.350891           
1         , 1048576   , 84.847820           
1         , 1048576   , 83.363903           
1         , 1048576   , 83.930902           
1         , 1048576   , 83.238895           
1         , 1048576   , 83.933950           
1         , 1048576   , 82.236988           
1         , 1048576   , 82.333042           
1         , 1048576   , 77.859238           
1         , 1048576   , 85.768837           
1         , 1048576   , 82.360004           
1         , 1048576   , 83.272045           
2         , 1048576   , 107.777058          
2         , 1048576   , 93.690081           
2         , 1048576   , 95.436161           
2         , 1048576   , 99.017834           
2         , 1048576   , 90.013899           
2         , 1048576   , 102.591997          
2         , 1048576   , 103.675102          
2         , 1048576   , 99.969925           
2         , 1048576   , 106.371992          
2         , 1048576   , 98.783930           
2         , 1048576   , 99.506912           
2         , 1048576   , 95.504881           
2         , 1048576   , 91.703215           
2         , 1048576   , 98.627956           
2         , 1048576   , 94.038986           
2         , 1048576   , 96.023693           
2         , 1048576   , 102.874128          
2         , 1048576   , 96.993830           
2         , 1048576   , 111.317167          
2         , 1048576   , 100.316080          
2         , 1048576   , 98.119059           
2         , 1048576   , 92.186918           
2         , 1048576   , 100.317070          
2         , 1048576   , 101.472004          
3         , 1048576   , 123.651953          
3         , 1048576   , 105.928034          
3         , 1048576   , 112.992886          
3         , 1048576   , 136.794939          
3         , 1048576   , 147.700844          
3         , 1048576   , 122.303864          
3         , 1048576   , 119.042990          
3         , 1048576   , 99.943121           
3         , 1048576   , 114.684902          
3         , 1048576   , 124.596975          
3         , 1048576   , 124.975166          
3         , 1048576   , 105.775917          
3         , 1048576   , 105.735111          
3         , 1048576   , 159.585075          
3         , 1048576   , 122.509838          
3         , 1048576   , 119.158884          
3         , 1048576   , 135.793921          
3         , 1048576   , 118.990032          
3         , 1048576   , 112.648905          
3         , 1048576   , 129.363960          
3         , 1048576   , 120.595015          
3         , 1048576   , 142.333136          
3         , 1048576   , 137.796879          
3         , 1048576   , 126.506195          
3         , 1048576   , 104.211212          
4         , 1048576   , 157.276241          
4         , 1048576   , 143.609150          
4         , 1048576   , 145.860949          
4         , 1048576   , 153.289064          
4         , 1048576   , 161.218884          
4         , 1048576   , 163.243929          
4         , 1048576   , 148.438086          
4         , 1048576   , 150.944069          
4         , 1048576   , 168.012777          
4         , 1048576   , 167.600182          
4         , 1048576   , 157.242914          
4         , 1048576   , 152.407085          
4         , 1048576   , 156.580053          
4         , 1048576   , 151.007919          
4         , 1048576   , 151.476820          
4         , 1048576   , 151.116074          
4         , 1048576   , 141.638945          
4         , 1048576   , 155.457981          
4         , 1048576   , 135.438047          
4         , 1048576   , 174.068058          
4         , 1048576   , 148.599039          
4         , 1048576   , 153.134180          
4         , 1048576   , 166.635006          
4         , 1048576   , 150.233896          
4         , 1048576   , 156.359846          
1         , 2097152   , 124.336847          
1         , 2097152   , 141.663975          
1         , 2097152   , 134.445963          
1         , 2097152   , 115.134903          
1         , 2097152   , 132.411039          
1         , 2097152   , 131.175930          
1         , 2097152   , 131.933884          
1         , 2097152   , 136.847990          
1         , 2097152   , 120.714796          
1         , 2097152   , 131.075146          
1         , 2097152   , 128.189030          
1         , 2097152   , 123.162991          
1         , 2097152   , 133.561153          
1         , 2097152   , 138.398094          
1         , 2097152   , 130.544794          
1         , 2097152   , 132.923206          
1         , 2097152   , 132.755999          
1         , 2097152   , 115.110245          
1         , 2097152   , 130.790077          
1         , 2097152   , 135.833071          
1         , 2097152   , 119.454111          
1         , 2097152   , 132.612827          
1         , 2097152   , 126.899025          
1         , 2097152   , 120.382967          
2         , 2097152   , 143.031992          
2         , 2097152   , 123.891071          
2         , 2097152   , 104.314043          
2         , 2097152   , 130.950974          
2         , 2097152   , 125.692059          
2         , 2097152   , 132.983999          
2         , 2097152   , 131.386944          
2         , 2097152   , 131.517073          
2         , 2097152   , 90.328894           
2         , 2097152   , 125.294867          
2         , 2097152   , 129.238825          
2         , 2097152   , 96.751833           
2         , 2097152   , 126.179222          
2         , 2097152   , 125.817034          
2         , 2097152   , 96.111067           
2         , 2097152   , 126.385838          
2         , 2097152   , 125.903748          
2         , 2097152   , 97.376942           
2         , 2097152   , 126.366915          
2         , 2097152   , 129.304169          
2         , 2097152   , 88.444983           
2         , 2097152   , 135.053034          
2         , 2097152   , 142.026863          
2         , 2097152   , 97.191061           
2         , 2097152   , 127.388863          
3         , 2097152   , 154.034193          
3         , 2097152   , 111.023954          
3         , 2097152   , 146.629965          
3         , 2097152   , 139.295033          
3         , 2097152   , 118.869776          
3         , 2097152   , 157.488209          
3         , 2097152   , 148.605761          
3         , 2097152   , 115.251791          
3         , 2097152   , 147.427040          
3         , 2097152   , 134.778072          
3         , 2097152   , 114.104027          
3         , 2097152   , 158.687174          
3         , 2097152   , 150.074095          
3         , 2097152   , 125.102146          
3         , 2097152   , 152.172997          
3         , 2097152   , 160.200830          
3         , 2097152   , 151.478991          
3         , 2097152   , 151.604267          
3         , 2097152   , 137.222982          
3         , 2097152   , 140.654015          
3         , 2097152   , 149.942001          
3         , 2097152   , 136.402084          
3         , 2097152   , 141.229784          
3         , 2097152   , 151.516069          
3         , 2097152   , 157.613035          
4         , 2097152   , 146.246994          
4         , 2097152   , 158.827042          
4         , 2097152   , 154.709717          
4         , 2097152   , 162.434072          
4         , 2097152   , 166.095991          
4         , 2097152   , 173.112812          
4         , 2097152   , 169.481976          
4         , 2097152   , 171.031048          
4         , 2097152   , 165.999041          
4         , 2097152   , 156.705080          
4         , 2097152   , 180.879957          
4         , 2097152   , 168.024097          
4         , 2097152   , 206.673912          
4         , 2097152   , 182.983936          
4         , 2097152   , 185.827116          
4         , 2097152   , 169.565931          
4         , 2097152   , 177.447924          
4         , 2097152   , 187.219072          
4         , 2097152   , 186.647192          
4         , 2097152   , 159.621899          
4         , 2097152   , 174.853964          
4         , 2097152   , 192.744108          
4         , 2097152   , 156.092146          
4         , 2097152   , 174.383787          
4         , 2097152   , 177.337029          
1         , 4194304   , 230.415920          
1         , 4194304   , 229.741196          
1         , 4194304   , 218.756031          
1         , 4194304   , 230.309971          
1         , 4194304   , 234.588804          
1         , 4194304   , 210.283060          
1         , 4194304   , 227.905882          
1         , 4194304   , 233.724865          
1         , 4194304   , 218.069920          
1         , 4194304   , 229.910015          
1         , 4194304   , 232.921217          
1         , 4194304   , 217.510340          
1         , 4194304   , 229.224817          
1         , 4194304   , 233.292721          
1         , 4194304   , 227.791988          
1         , 4194304   , 211.627007          
1         , 4194304   , 232.913988          
1         , 4194304   , 244.412170          
1         , 4194304   , 224.873022          
1         , 4194304   , 234.071127          
1         , 4194304   , 246.621204          
1         , 4194304   , 213.412052          
1         , 4194304   , 230.619072          
1         , 4194304   , 236.444073          
1         , 4194304   , 214.443039          
2         , 4194304   , 203.007868          
2         , 4194304   , 207.408022          
2         , 4194304   , 178.334890          
2         , 4194304   , 192.718874          
2         , 4194304   , 196.445028          
2         , 4194304   , 164.961767          
2         , 4194304   , 203.146017          
2         , 4194304   , 192.959995          
2         , 4194304   , 170.165003          
2         , 4194304   , 198.591017          
2         , 4194304   , 195.656797          
2         , 4194304   , 202.047821          
2         , 4194304   , 198.405870          
2         , 4194304   , 198.708075          
2         , 4194304   , 192.131096          
2         , 4194304   , 197.672974          
2         , 4194304   , 220.141235          
2         , 4194304   , 195.003954          
2         , 4194304   , 184.802019          
2         , 4194304   , 194.014992          
2         , 4194304   , 199.761845          
2         , 4194304   , 167.480940          
2         , 4194304   , 194.400160          
2         , 4194304   , 194.371006          
2         , 4194304   , 169.750063          
3         , 4194304   , 241.011806          
3         , 4194304   , 209.012070          
3         , 4194304   , 182.851021          
3         , 4194304   , 204.106030          
3         , 4194304   , 232.766865          
3         , 4194304   , 213.508055          
3         , 4194304   , 207.759964          
3         , 4194304   , 217.197977          
3         , 4194304   , 187.227982          
3         , 4194304   , 179.877920          
3         , 4194304   , 219.646935          
3         , 4194304   , 212.191999          
3         , 4194304   , 191.609232          
3         , 4194304   , 241.174068          
3         , 4194304   , 218.980099          
3         , 4194304   , 180.931007          
3         , 4194304   , 211.779202          
3         , 4194304   , 233.585909          
3         , 4194304   , 171.437117          
3         , 4194304   , 206.615892          
3         , 4194304   , 241.107035          
3         , 4194304   , 207.901066          
3         , 4194304   , 205.018938          
3         , 4194304   , 219.451115          
3         , 4194304   , 210.709995          
4         , 4194304   , 188.405012          
4         , 4194304   , 257.766054          
4         , 4194304   , 243.250164          
4         , 4194304   , 212.214882          
4         , 4194304   , 242.401993          
4         , 4194304   , 244.896070          
4         , 4194304   , 224.196203          
4         , 4194304   , 251.791042          
4         , 4194304   , 232.882122          
4         , 4194304   , 222.356037          
4         , 4194304   , 230.867895          
4         , 4194304   , 246.003845          
4         , 4194304   , 219.083975          
4         , 4194304   , 250.412910          
4         , 4194304   , 240.884954          
4         , 4194304   , 202.425962          
4         , 4194304   , 218.743761          
4         , 4194304   , 246.459974          
4         , 4194304   , 216.754278          
4         , 4194304   , 257.688057          
4         , 4194304   , 234.979122          
4         , 4194304   , 252.893177          
4         , 4194304   , 209.317041          
4         , 4194304   , 223.440170          
4         , 4194304   , 254.086979          
1         , 8388608   , 410.676031          
1         , 8388608   , 417.092976          
1         , 8388608   , 408.314083          
1         , 8388608   , 408.813089          
1         , 8388608   , 423.036974          
1         , 8388608   , 403.297058          
1         , 8388608   , 416.360014          
1         , 8388608   , 409.448114          
1         , 8388608   , 410.455931          
1         , 8388608   , 442.456028          
1         , 8388608   , 406.512068          
1         , 8388608   , 426.639948          
1         , 8388608   , 412.168985          
1         , 8388608   , 405.899986          
1         , 8388608   , 430.005030          
1         , 8388608   , 407.396015          
1         , 8388608   , 420.955910          
1         , 8388608   , 423.660006          
1         , 8388608   , 406.647860          
1         , 8388608   , 425.658884          
1         , 8388608   , 411.363005          
1         , 8388608   , 430.710758          
1         , 8388608   , 408.372089          
1         , 8388608   , 413.580257          
1         , 8388608   , 415.853041          
2         , 8388608   , 311.707993          
2         , 8388608   , 319.454868          
2         , 8388608   , 363.537916          
2         , 8388608   , 312.338953          
2         , 8388608   , 329.036028          
2         , 8388608   , 309.795176          
2         , 8388608   , 316.873037          
2         , 8388608   , 365.187214          
2         , 8388608   , 313.816998          
2         , 8388608   , 339.157080          
2         , 8388608   , 328.097960          
2         , 8388608   , 310.603828          
2         , 8388608   , 336.086126          
2         , 8388608   , 342.530125          
2         , 8388608   , 330.892008          
2         , 8388608   , 337.674196          
2         , 8388608   , 320.012203          
2         , 8388608   , 327.710989          
2         , 8388608   , 333.094057          
2         , 8388608   , 319.167753          
2         , 8388608   , 335.548910          
2         , 8388608   , 331.619061          
2         , 8388608   , 306.237028          
2         , 8388608   , 334.175098          
2         , 8388608   , 334.809948          
3         , 8388608   , 323.169079          
3         , 8388608   , 334.402683          
3         , 8388608   , 309.043184          
3         , 8388608   , 351.319033          
3         , 8388608   , 320.801918          
3         , 8388608   , 326.542038          
3         , 8388608   , 353.095659          
3         , 8388608   , 356.555944          
3         , 8388608   , 301.327007          
3         , 8388608   , 331.189163          
3         , 8388608   , 328.800034          
3         , 8388608   , 345.293062          
3         , 8388608   , 370.935053          
3         , 8388608   , 346.250944          
3         , 8388608   , 304.825062          
3         , 8388608   , 324.901966          
3         , 8388608   , 329.583961          
3         , 8388608   , 338.557070          
3         , 8388608   , 315.205709          
3         , 8388608   , 324.947985          
3         , 8388608   , 383.805069          
3         , 8388608   , 352.295261          
3         , 8388608   , 329.330061          
3         , 8388608   , 317.202734          
3         , 8388608   , 346.649191          
4         , 8388608   , 354.229975          
4         , 8388608   , 338.125940          
4         , 8388608   , 356.934093          
4         , 8388608   , 326.223787          
4         , 8388608   , 388.158922          
4         , 8388608   , 352.346006          
4         , 8388608   , 354.909025          
4         , 8388608   , 367.515947          
4         , 8388608   , 338.823999          
4         , 8388608   , 367.051897          
4         , 8388608   , 348.041906          
4         , 8388608   , 324.353851          
4         , 8388608   , 345.193922          
4         , 8388608   , 338.661903          
4         , 8388608   , 348.075869          
4         , 8388608   , 360.415937          
4         , 8388608   , 448.775034          
4         , 8388608   , 345.882854          
4         , 8388608   , 355.020939          
4         , 8388608   , 348.988087          
4         , 8388608   , 330.950951          
4         , 8388608   , 336.569016          
4         , 8388608   , 341.427959          
4         , 8388608   , 341.912025          
4         , 8388608   , 365.477087          
1         , 16777216  , 838.668716          
1         , 16777216  , 828.866964          
1         , 16777216  , 855.175104          
1         , 16777216  , 861.883801          
1         , 16777216  , 841.627956          
1         , 16777216  , 842.828094          
1         , 16777216  , 836.475878          
1         , 16777216  , 840.142134          
1         , 16777216  , 838.924994          
1         , 16777216  , 839.058125          
1         , 16777216  , 830.820055          
1         , 16777216  , 836.240145          
1         , 16777216  , 834.075901          
1         , 16777216  , 841.312792          
1         , 16777216  , 843.019091          
1         , 16777216  , 835.729879          
1         , 16777216  , 840.898113          
1         , 16777216  , 834.269075          
1         , 16777216  , 840.299109          
1         , 16777216  , 844.669052          
1         , 16777216  , 841.389053          
1         , 16777216  , 845.703098          
1         , 16777216  , 841.345108          
1         , 16777216  , 837.039869          
1         , 16777216  , 836.344055          
2         , 16777216  , 626.360048          
2         , 16777216  , 623.951168          
2         , 16777216  , 631.180141          
2         , 16777216  , 629.333990          
2         , 16777216  , 622.066099          
2         , 16777216  , 620.698042          
2         , 16777216  , 625.028847          
2         , 16777216  , 622.493143          
2         , 16777216  , 630.027895          
2         , 16777216  , 625.527912          
2         , 16777216  , 610.845196          
2         , 16777216  , 651.279232          
2         , 16777216  , 622.254986          
2         , 16777216  , 631.289965          
2         , 16777216  , 693.863993          
2         , 16777216  , 696.351105          
2         , 16777216  , 630.629984          
2         , 16777216  , 623.840063          
2         , 16777216  , 617.562912          
2         , 16777216  , 631.055147          
2         , 16777216  , 618.477751          
2         , 16777216  , 635.388807          
2         , 16777216  , 628.216040          
2         , 16777216  , 621.816999          
2         , 16777216  , 626.993032          
3         , 16777216  , 619.475924          
3         , 16777216  , 592.032829          
3         , 16777216  , 602.418968          
3         , 16777216  , 583.841120          
3         , 16777216  , 613.232010          
3         , 16777216  , 602.776051          
3         , 16777216  , 593.736063          
3         , 16777216  , 586.750000          
3         , 16777216  , 593.963049          
3         , 16777216  , 611.094912          
3         , 16777216  , 601.947910          
3         , 16777216  , 600.137981          
3         , 16777216  , 586.511225          
3         , 16777216  , 580.468058          
3         , 16777216  , 586.615948          
3         , 16777216  , 579.550041          
3         , 16777216  , 607.445024          
3         , 16777216  , 589.541067          
3         , 16777216  , 592.145884          
3         , 16777216  , 602.933928          
3         , 16777216  , 602.074156          
3         , 16777216  , 605.511934          
3         , 16777216  , 611.461889          
3         , 16777216  , 573.717966          
3         , 16777216  , 612.862082          
4         , 16777216  , 607.841990          
4         , 16777216  , 623.628853          
4         , 16777216  , 715.929976          
4         , 16777216  , 593.513885          
4         , 16777216  , 707.418255          
4         , 16777216  , 623.397974          
4         , 16777216  , 615.468952          
4         , 16777216  , 614.853975          
4         , 16777216  , 624.392010          
4         , 16777216  , 595.890102          
4         , 16777216  , 602.020864          
4         , 16777216  , 717.840958          
4         , 16777216  , 685.785942          
4         , 16777216  , 595.165955          
4         , 16777216  , 612.528156          
4         , 16777216  , 596.254227          
4         , 16777216  , 593.415913          
4         , 16777216  , 588.999979          
4         , 16777216  , 596.393221          
4         , 16777216  , 571.743933          
4         , 16777216  , 601.599268          
4         , 16777216  , 622.725056          
4         , 16777216  , 671.314869          
4         , 16777216  , 593.635139          
4         , 16777216  , 603.682009          
1         , 16777216  , 842.005095          
