Affinity  , Usage     , #elements , time                
1         , 1.000000  , 4096      , 103.500845          
1         , 1.000000  , 4096      , 97.435888           
1         , 1.000000  , 4096      , 97.590153           
1         , 1.000000  , 4096      , 96.869329           
1         , 1.000000  , 4096      , 98.192099           
1         , 1.000000  , 4096      , 96.046349           
1         , 1.000000  , 4096      , 101.925117          
1         , 1.000000  , 4096      , 96.596319           
1         , 1.000000  , 4096      , 100.326948          
1         , 1.000000  , 4096      , 96.995068           
2         , 1.000000  , 4096      , 72.708790           
2         , 1.000000  , 4096      , 66.327961           
2         , 1.000000  , 4096      , 66.072342           
2         , 1.000000  , 4096      , 67.040977           
2         , 1.000000  , 4096      , 67.743187           
2         , 1.000000  , 4096      , 65.372215           
2         , 1.000000  , 4096      , 65.375204           
2         , 1.000000  , 4096      , 66.110970           
2         , 1.000000  , 4096      , 65.278091           
2         , 1.000000  , 4096      , 67.513111           
3         , 1.000000  , 4096      , 66.684156           
3         , 1.000000  , 4096      , 63.049629           
3         , 1.000000  , 4096      , 66.882133           
3         , 1.000000  , 4096      , 63.888000           
3         , 1.000000  , 4096      , 65.944855           
3         , 1.000000  , 4096      , 63.030130           
3         , 1.000000  , 4096      , 65.884174           
3         , 1.000000  , 4096      , 62.365007           
3         , 1.000000  , 4096      , 65.434889           
3         , 1.000000  , 4096      , 63.643927           
4         , 1.000000  , 4096      , 89.804811           
4         , 1.000000  , 4096      , 90.632828           
4         , 1.000000  , 4096      , 88.930775           
4         , 1.000000  , 4096      , 88.597042           
4         , 1.000000  , 4096      , 89.936705           
4         , 1.000000  , 4096      , 89.335068           
4         , 1.000000  , 4096      , 87.833363           
4         , 1.000000  , 4096      , 89.547134           
4         , 1.000000  , 4096      , 88.004745           
4         , 1.000000  , 4096      , 89.705101           
1         , 1.000000  , 8192      , 182.709923          
1         , 1.000000  , 8192      , 184.141064          
1         , 1.000000  , 8192      , 185.851967          
1         , 1.000000  , 8192      , 188.941059          
1         , 1.000000  , 8192      , 187.315847          
1         , 1.000000  , 8192      , 185.409149          
1         , 1.000000  , 8192      , 184.497747          
1         , 1.000000  , 8192      , 186.215160          
1         , 1.000000  , 8192      , 185.300211          
1         , 1.000000  , 8192      , 185.548946          
2         , 1.000000  , 8192      , 114.049906          
2         , 1.000000  , 8192      , 111.415010          
2         , 1.000000  , 8192      , 111.035973          
2         , 1.000000  , 8192      , 112.256990          
2         , 1.000000  , 8192      , 112.755831          
2         , 1.000000  , 8192      , 112.046759          
2         , 1.000000  , 8192      , 112.532187          
2         , 1.000000  , 8192      , 111.581915          
2         , 1.000000  , 8192      , 112.625191          
2         , 1.000000  , 8192      , 112.177183          
3         , 1.000000  , 8192      , 95.409189           
3         , 1.000000  , 8192      , 96.035158           
3         , 1.000000  , 8192      , 95.864862           
3         , 1.000000  , 8192      , 95.659718           
3         , 1.000000  , 8192      , 95.190075           
3         , 1.000000  , 8192      , 93.635998           
3         , 1.000000  , 8192      , 94.173136           
3         , 1.000000  , 8192      , 95.040964           
3         , 1.000000  , 8192      , 92.787756           
3         , 1.000000  , 8192      , 96.512905           
4         , 1.000000  , 8192      , 118.273121          
4         , 1.000000  , 8192      , 116.329834          
4         , 1.000000  , 8192      , 114.217226          
4         , 1.000000  , 8192      , 117.680943          
4         , 1.000000  , 8192      , 117.501568          
4         , 1.000000  , 8192      , 119.067863          
4         , 1.000000  , 8192      , 124.649309          
4         , 1.000000  , 8192      , 122.652617          
4         , 1.000000  , 8192      , 114.109175          
4         , 1.000000  , 8192      , 115.206772          
1         , 1.000000  , 16384     , 404.696924          
1         , 1.000000  , 16384     , 380.983269          
1         , 1.000000  , 16384     , 360.691000          
1         , 1.000000  , 16384     , 359.512711          
1         , 1.000000  , 16384     , 367.668213          
1         , 1.000000  , 16384     , 364.645866          
1         , 1.000000  , 16384     , 368.667044          
1         , 1.000000  , 16384     , 365.451771          
1         , 1.000000  , 16384     , 368.209265          
1         , 1.000000  , 16384     , 386.488249          
2         , 1.000000  , 16384     , 236.591188          
2         , 1.000000  , 16384     , 241.108955          
2         , 1.000000  , 16384     , 204.831032          
2         , 1.000000  , 16384     , 202.545952          
2         , 1.000000  , 16384     , 203.062124          
2         , 1.000000  , 16384     , 204.576681          
2         , 1.000000  , 16384     , 204.614893          
2         , 1.000000  , 16384     , 207.149984          
2         , 1.000000  , 16384     , 210.434948          
2         , 1.000000  , 16384     , 207.185020          
3         , 1.000000  , 16384     , 157.302980          
3         , 1.000000  , 16384     , 156.349817          
3         , 1.000000  , 16384     , 153.459942          
3         , 1.000000  , 16384     , 155.116064          
3         , 1.000000  , 16384     , 155.037045          
3         , 1.000000  , 16384     , 156.874144          
3         , 1.000000  , 16384     , 157.471943          
3         , 1.000000  , 16384     , 154.661808          
3         , 1.000000  , 16384     , 155.650978          
3         , 1.000000  , 16384     , 155.286903          
4         , 1.000000  , 16384     , 170.315260          
4         , 1.000000  , 16384     , 168.818096          
4         , 1.000000  , 16384     , 169.756132          
4         , 1.000000  , 16384     , 167.460970          
4         , 1.000000  , 16384     , 168.601875          
4         , 1.000000  , 16384     , 166.815334          
4         , 1.000000  , 16384     , 170.276052          
4         , 1.000000  , 16384     , 166.829399          
4         , 1.000000  , 16384     , 168.091921          
4         , 1.000000  , 16384     , 169.249386          
1         , 1.000000  , 32768     , 725.436255          
1         , 1.000000  , 32768     , 712.010054          
1         , 1.000000  , 32768     , 716.610691          
1         , 1.000000  , 32768     , 717.667816          
1         , 1.000000  , 32768     , 716.126982          
1         , 1.000000  , 32768     , 715.138870          
1         , 1.000000  , 32768     , 718.050913          
1         , 1.000000  , 32768     , 715.701004          
1         , 1.000000  , 32768     , 712.188129          
1         , 1.000000  , 32768     , 719.823112          
2         , 1.000000  , 32768     , 391.162325          
2         , 1.000000  , 32768     , 391.727928          
2         , 1.000000  , 32768     , 391.101818          
2         , 1.000000  , 32768     , 389.712978          
2         , 1.000000  , 32768     , 389.125107          
2         , 1.000000  , 32768     , 394.511936          
2         , 1.000000  , 32768     , 388.280933          
2         , 1.000000  , 32768     , 391.515984          
2         , 1.000000  , 32768     , 389.404972          
2         , 1.000000  , 32768     , 390.405035          
3         , 1.000000  , 32768     , 281.106058          
3         , 1.000000  , 32768     , 278.757824          
3         , 1.000000  , 32768     , 278.273066          
3         , 1.000000  , 32768     , 283.339891          
3         , 1.000000  , 32768     , 276.764853          
3         , 1.000000  , 32768     , 276.648008          
3         , 1.000000  , 32768     , 283.632233          
3         , 1.000000  , 32768     , 279.387953          
3         , 1.000000  , 32768     , 282.028965          
3         , 1.000000  , 32768     , 278.581909          
4         , 1.000000  , 32768     , 275.497869          
4         , 1.000000  , 32768     , 271.163008          
4         , 1.000000  , 32768     , 275.326036          
4         , 1.000000  , 32768     , 269.698690          
4         , 1.000000  , 32768     , 276.803919          
4         , 1.000000  , 32768     , 273.942171          
4         , 1.000000  , 32768     , 265.176138          
4         , 1.000000  , 32768     , 271.484079          
4         , 1.000000  , 32768     , 271.965809          
4         , 1.000000  , 32768     , 269.754974          
1         , 1.000000  , 65536     , 1434.842169         
1         , 1.000000  , 65536     , 1419.401098         
1         , 1.000000  , 65536     , 1431.491079         
1         , 1.000000  , 65536     , 1427.925941         
1         , 1.000000  , 65536     , 1426.818146         
1         , 1.000000  , 65536     , 1433.749163         
1         , 1.000000  , 65536     , 1424.509836         
1         , 1.000000  , 65536     , 1427.504108         
1         , 1.000000  , 65536     , 1434.337318         
1         , 1.000000  , 65536     , 1437.431982         
2         , 1.000000  , 65536     , 775.207140          
2         , 1.000000  , 65536     , 771.951921          
2         , 1.000000  , 65536     , 775.817848          
2         , 1.000000  , 65536     , 769.977070          
2         , 1.000000  , 65536     , 766.824188          
2         , 1.000000  , 65536     , 775.618893          
2         , 1.000000  , 65536     , 765.452347          
2         , 1.000000  , 65536     , 767.626896          
2         , 1.000000  , 65536     , 768.618776          
2         , 1.000000  , 65536     , 767.253090          
3         , 1.000000  , 65536     , 536.317703          
3         , 1.000000  , 65536     , 534.172171          
3         , 1.000000  , 65536     , 528.342966          
3         , 1.000000  , 65536     , 531.793024          
3         , 1.000000  , 65536     , 589.332014          
3         , 1.000000  , 65536     , 619.429247          
3         , 1.000000  , 65536     , 528.612099          
3         , 1.000000  , 65536     , 532.548746          
3         , 1.000000  , 65536     , 538.410820          
3         , 1.000000  , 65536     , 526.045914          
4         , 1.000000  , 65536     , 481.095201          
4         , 1.000000  , 65536     , 512.490974          
4         , 1.000000  , 65536     , 621.068012          
4         , 1.000000  , 65536     , 482.256893          
4         , 1.000000  , 65536     , 465.561222          
4         , 1.000000  , 65536     , 475.922115          
4         , 1.000000  , 65536     , 473.901714          
4         , 1.000000  , 65536     , 477.273796          
4         , 1.000000  , 65536     , 471.038612          
4         , 1.000000  , 65536     , 472.487194          
1         , 1.000000  , 131072    , 2855.465181         
1         , 1.000000  , 131072    , 2854.113819         
1         , 1.000000  , 131072    , 2833.997938         
1         , 1.000000  , 131072    , 2823.869324         
1         , 1.000000  , 131072    , 2835.616230         
1         , 1.000000  , 131072    , 2842.103090         
1         , 1.000000  , 131072    , 2862.873100         
1         , 1.000000  , 131072    , 2849.987196         
1         , 1.000000  , 131072    , 2853.470097         
1         , 1.000000  , 131072    , 2866.501163         
2         , 1.000000  , 131072    , 1536.703981         
2         , 1.000000  , 131072    , 1520.817081         
2         , 1.000000  , 131072    , 1522.009981         
2         , 1.000000  , 131072    , 1512.147032         
2         , 1.000000  , 131072    , 1512.250393         
2         , 1.000000  , 131072    , 1514.390841         
2         , 1.000000  , 131072    , 1529.663082         
2         , 1.000000  , 131072    , 1520.857786         
2         , 1.000000  , 131072    , 1607.573238         
2         , 1.000000  , 131072    , 1516.242010         
3         , 1.000000  , 131072    , 1152.433794         
3         , 1.000000  , 131072    , 1041.197845         
3         , 1.000000  , 131072    , 1040.913988         
3         , 1.000000  , 131072    , 1084.849030         
3         , 1.000000  , 131072    , 1228.021160         
3         , 1.000000  , 131072    , 1049.315968         
3         , 1.000000  , 131072    , 1043.779692         
3         , 1.000000  , 131072    , 1048.721983         
3         , 1.000000  , 131072    , 1042.193867         
3         , 1.000000  , 131072    , 1044.958912         
4         , 1.000000  , 131072    , 896.956766          
4         , 1.000000  , 131072    , 868.841904          
4         , 1.000000  , 131072    , 881.077051          
4         , 1.000000  , 131072    , 873.441227          
4         , 1.000000  , 131072    , 875.686035          
4         , 1.000000  , 131072    , 879.999123          
4         , 1.000000  , 131072    , 886.077097          
4         , 1.000000  , 131072    , 885.979002          
4         , 1.000000  , 131072    , 880.056952          
4         , 1.000000  , 131072    , 891.325344          
1         , 1.000000  , 262144    , 5737.877140         
1         , 1.000000  , 262144    , 5603.997786         
1         , 1.000000  , 262144    , 5709.056139         
1         , 1.000000  , 262144    , 5704.074930         
1         , 1.000000  , 262144    , 5688.861036         
1         , 1.000000  , 262144    , 5741.484251         
1         , 1.000000  , 262144    , 5731.395103         
1         , 1.000000  , 262144    , 5673.645460         
1         , 1.000000  , 262144    , 5668.965061         
1         , 1.000000  , 262144    , 5676.142887         
2         , 1.000000  , 262144    , 3029.127178         
2         , 1.000000  , 262144    , 3100.687183         
2         , 1.000000  , 262144    , 3014.105055         
2         , 1.000000  , 262144    , 3024.919947         
2         , 1.000000  , 262144    , 3031.296041         
2         , 1.000000  , 262144    , 3009.169189         
2         , 1.000000  , 262144    , 3046.139164         
2         , 1.000000  , 262144    , 3065.147238         
2         , 1.000000  , 262144    , 3064.668777         
2         , 1.000000  , 262144    , 3062.745823         
3         , 1.000000  , 262144    , 2087.933050         
3         , 1.000000  , 262144    , 2130.067322         
3         , 1.000000  , 262144    , 2037.323969         
3         , 1.000000  , 262144    , 2056.368156         
3         , 1.000000  , 262144    , 2055.469719         
3         , 1.000000  , 262144    , 2066.164663         
3         , 1.000000  , 262144    , 2057.319864         
3         , 1.000000  , 262144    , 2037.570061         
3         , 1.000000  , 262144    , 2058.600988         
3         , 1.000000  , 262144    , 2048.323090         
4         , 1.000000  , 262144    , 1707.812983         
4         , 1.000000  , 262144    , 1788.407036         
4         , 1.000000  , 262144    , 1683.556242         
4         , 1.000000  , 262144    , 1701.330111         
4         , 1.000000  , 262144    , 1684.261011         
4         , 1.000000  , 262144    , 1697.849949         
4         , 1.000000  , 262144    , 1695.264093         
4         , 1.000000  , 262144    , 1697.633911         
4         , 1.000000  , 262144    , 1705.995852         
4         , 1.000000  , 262144    , 1676.259861         
1         , 1.000000  , 524288    , 11511.538761        
1         , 1.000000  , 524288    , 11395.149773        
1         , 1.000000  , 524288    , 11380.656008        
1         , 1.000000  , 524288    , 11481.385950        
1         , 1.000000  , 524288    , 11435.050041        
1         , 1.000000  , 524288    , 11340.807642        
1         , 1.000000  , 524288    , 11432.003899        
1         , 1.000000  , 524288    , 11412.203819        
1         , 1.000000  , 524288    , 11428.151718        
1         , 1.000000  , 524288    , 11426.653694        
2         , 1.000000  , 524288    , 6092.845898         
2         , 1.000000  , 524288    , 6046.627886         
2         , 1.000000  , 524288    , 6067.114120         
2         , 1.000000  , 524288    , 6103.387207         
2         , 1.000000  , 524288    , 6116.730972         
2         , 1.000000  , 524288    , 6058.116945         
2         , 1.000000  , 524288    , 6034.212198         
2         , 1.000000  , 524288    , 6085.905764         
2         , 1.000000  , 524288    , 5999.190931         
2         , 1.000000  , 524288    , 6182.826174         
3         , 1.000000  , 524288    , 4096.401865         
3         , 1.000000  , 524288    , 4049.674221         
3         , 1.000000  , 524288    , 4097.736877         
3         , 1.000000  , 524288    , 4095.999819         
3         , 1.000000  , 524288    , 4148.006060         
3         , 1.000000  , 524288    , 4088.771807         
3         , 1.000000  , 524288    , 4099.320103         
3         , 1.000000  , 524288    , 4105.916948         
3         , 1.000000  , 524288    , 4098.998114         
3         , 1.000000  , 524288    , 4084.727768         
4         , 1.000000  , 524288    , 3397.630917         
4         , 1.000000  , 524288    , 3411.795942         
4         , 1.000000  , 524288    , 3367.583111         
4         , 1.000000  , 524288    , 3342.140011         
4         , 1.000000  , 524288    , 3320.318180         
4         , 1.000000  , 524288    , 3348.354156         
4         , 1.000000  , 524288    , 3335.348064         
4         , 1.000000  , 524288    , 3396.570200         
4         , 1.000000  , 524288    , 3350.548023         
4         , 1.000000  , 524288    , 3330.341908         
