Affinity  , Usage     , #elements , time                
1         , 1.000000  , 4096      , 129.382000          
1         , 1.000000  , 4096      , 97.843937           
1         , 1.000000  , 4096      , 96.790070           
1         , 1.000000  , 4096      , 96.835165           
1         , 1.000000  , 4096      , 98.416969           
1         , 1.000000  , 4096      , 97.180780           
1         , 1.000000  , 4096      , 100.429176          
1         , 1.000000  , 4096      , 96.362232           
1         , 1.000000  , 4096      , 97.901066           
1         , 1.000000  , 4096      , 96.754061           
2         , 1.000000  , 4096      , 77.971294           
2         , 1.000000  , 4096      , 65.530218           
2         , 1.000000  , 4096      , 66.638992           
2         , 1.000000  , 4096      , 68.900084           
2         , 1.000000  , 4096      , 65.991238           
2         , 1.000000  , 4096      , 66.539886           
2         , 1.000000  , 4096      , 65.915119           
2         , 1.000000  , 4096      , 66.801102           
2         , 1.000000  , 4096      , 69.389923           
2         , 1.000000  , 4096      , 66.240976           
3         , 1.000000  , 4096      , 77.013809           
3         , 1.000000  , 4096      , 65.774899           
3         , 1.000000  , 4096      , 66.536943           
3         , 1.000000  , 4096      , 64.883183           
3         , 1.000000  , 4096      , 65.185150           
3         , 1.000000  , 4096      , 66.758963           
3         , 1.000000  , 4096      , 63.636793           
3         , 1.000000  , 4096      , 62.705980           
3         , 1.000000  , 4096      , 63.291784           
3         , 1.000000  , 4096      , 66.356979           
4         , 1.000000  , 4096      , 100.790119          
4         , 1.000000  , 4096      , 90.068933           
4         , 1.000000  , 4096      , 88.934538           
4         , 1.000000  , 4096      , 84.715805           
4         , 1.000000  , 4096      , 91.323095           
4         , 1.000000  , 4096      , 91.271296           
4         , 1.000000  , 4096      , 89.970808           
4         , 1.000000  , 4096      , 87.432022           
4         , 1.000000  , 4096      , 91.268623           
4         , 1.000000  , 4096      , 88.983767           
1         , 1.000000  , 8192      , 186.571159          
1         , 1.000000  , 8192      , 184.360067          
1         , 1.000000  , 8192      , 184.735056          
1         , 1.000000  , 8192      , 185.584965          
1         , 1.000000  , 8192      , 184.287905          
1         , 1.000000  , 8192      , 187.205868          
1         , 1.000000  , 8192      , 185.542204          
1         , 1.000000  , 8192      , 186.938665          
1         , 1.000000  , 8192      , 187.886938          
1         , 1.000000  , 8192      , 186.036100          
2         , 1.000000  , 8192      , 114.398054          
2         , 1.000000  , 8192      , 109.764639          
2         , 1.000000  , 8192      , 113.690180          
2         , 1.000000  , 8192      , 111.892925          
2         , 1.000000  , 8192      , 113.632254          
2         , 1.000000  , 8192      , 114.693647          
2         , 1.000000  , 8192      , 111.386749          
2         , 1.000000  , 8192      , 114.095840          
2         , 1.000000  , 8192      , 112.610683          
2         , 1.000000  , 8192      , 112.519011          
3         , 1.000000  , 8192      , 116.632093          
3         , 1.000000  , 8192      , 116.814100          
3         , 1.000000  , 8192      , 109.312851          
3         , 1.000000  , 8192      , 92.137018           
3         , 1.000000  , 8192      , 93.648888           
3         , 1.000000  , 8192      , 92.239683           
3         , 1.000000  , 8192      , 97.970068           
3         , 1.000000  , 8192      , 93.167721           
3         , 1.000000  , 8192      , 92.232168           
3         , 1.000000  , 8192      , 95.391968           
4         , 1.000000  , 8192      , 115.190887          
4         , 1.000000  , 8192      , 116.209032          
4         , 1.000000  , 8192      , 114.793259          
4         , 1.000000  , 8192      , 116.484213          
4         , 1.000000  , 8192      , 115.577936          
4         , 1.000000  , 8192      , 117.041643          
4         , 1.000000  , 8192      , 111.428589          
4         , 1.000000  , 8192      , 117.991106          
4         , 1.000000  , 8192      , 114.299057          
4         , 1.000000  , 8192      , 116.242891          
1         , 1.000000  , 16384     , 366.668875          
1         , 1.000000  , 16384     , 362.840096          
1         , 1.000000  , 16384     , 367.106035          
1         , 1.000000  , 16384     , 371.683914          
1         , 1.000000  , 16384     , 388.015963          
1         , 1.000000  , 16384     , 359.852440          
1         , 1.000000  , 16384     , 363.714218          
1         , 1.000000  , 16384     , 359.065863          
1         , 1.000000  , 16384     , 375.392836          
1         , 1.000000  , 16384     , 361.431238          
2         , 1.000000  , 16384     , 205.083179          
2         , 1.000000  , 16384     , 208.572807          
2         , 1.000000  , 16384     , 206.721903          
2         , 1.000000  , 16384     , 205.034060          
2         , 1.000000  , 16384     , 203.557316          
2         , 1.000000  , 16384     , 201.258945          
2         , 1.000000  , 16384     , 206.028793          
2         , 1.000000  , 16384     , 204.387058          
2         , 1.000000  , 16384     , 206.687246          
2         , 1.000000  , 16384     , 206.794901          
3         , 1.000000  , 16384     , 154.612379          
3         , 1.000000  , 16384     , 156.187559          
3         , 1.000000  , 16384     , 155.911938          
3         , 1.000000  , 16384     , 155.724110          
3         , 1.000000  , 16384     , 155.644024          
3         , 1.000000  , 16384     , 156.685219          
3         , 1.000000  , 16384     , 158.362919          
3         , 1.000000  , 16384     , 169.786003          
3         , 1.000000  , 16384     , 156.414040          
3         , 1.000000  , 16384     , 157.605942          
4         , 1.000000  , 16384     , 170.237854          
4         , 1.000000  , 16384     , 168.779835          
4         , 1.000000  , 16384     , 168.723085          
4         , 1.000000  , 16384     , 172.061365          
4         , 1.000000  , 16384     , 164.699747          
4         , 1.000000  , 16384     , 168.171770          
4         , 1.000000  , 16384     , 168.257776          
4         , 1.000000  , 16384     , 171.064734          
4         , 1.000000  , 16384     , 170.505953          
4         , 1.000000  , 16384     , 167.323107          
1         , 1.000000  , 32768     , 721.708136          
1         , 1.000000  , 32768     , 718.236942          
1         , 1.000000  , 32768     , 717.985123          
1         , 1.000000  , 32768     , 710.631170          
1         , 1.000000  , 32768     , 722.224953          
1         , 1.000000  , 32768     , 709.514971          
1         , 1.000000  , 32768     , 715.125092          
1         , 1.000000  , 32768     , 721.499884          
1         , 1.000000  , 32768     , 715.524273          
1         , 1.000000  , 32768     , 713.568193          
2         , 1.000000  , 32768     , 391.022903          
2         , 1.000000  , 32768     , 389.531822          
2         , 1.000000  , 32768     , 389.237881          
2         , 1.000000  , 32768     , 387.748169          
2         , 1.000000  , 32768     , 387.574932          
2         , 1.000000  , 32768     , 390.457056          
2         , 1.000000  , 32768     , 391.873339          
2         , 1.000000  , 32768     , 390.378954          
2         , 1.000000  , 32768     , 394.759005          
2         , 1.000000  , 32768     , 392.932854          
3         , 1.000000  , 32768     , 279.811741          
3         , 1.000000  , 32768     , 280.153133          
3         , 1.000000  , 32768     , 278.825926          
3         , 1.000000  , 32768     , 280.870819          
3         , 1.000000  , 32768     , 278.648905          
3         , 1.000000  , 32768     , 285.168045          
3         , 1.000000  , 32768     , 277.532660          
3         , 1.000000  , 32768     , 286.974026          
3         , 1.000000  , 32768     , 351.389307          
3         , 1.000000  , 32768     , 318.610737          
4         , 1.000000  , 32768     , 279.014038          
4         , 1.000000  , 32768     , 273.695963          
4         , 1.000000  , 32768     , 277.664934          
4         , 1.000000  , 32768     , 274.778099          
4         , 1.000000  , 32768     , 272.234007          
4         , 1.000000  , 32768     , 271.012005          
4         , 1.000000  , 32768     , 273.146725          
4         , 1.000000  , 32768     , 272.977842          
4         , 1.000000  , 32768     , 276.528940          
4         , 1.000000  , 32768     , 271.737043          
1         , 1.000000  , 65536     , 1412.888744         
1         , 1.000000  , 65536     , 1424.014093         
1         , 1.000000  , 65536     , 1429.340797         
1         , 1.000000  , 65536     , 1419.631840         
1         , 1.000000  , 65536     , 1418.323046         
1         , 1.000000  , 65536     , 1431.352983         
1         , 1.000000  , 65536     , 1430.911596         
1         , 1.000000  , 65536     , 1436.061893         
1         , 1.000000  , 65536     , 1430.747221         
1         , 1.000000  , 65536     , 1422.509777         
2         , 1.000000  , 65536     , 771.266012          
2         , 1.000000  , 65536     , 770.720213          
2         , 1.000000  , 65536     , 765.775372          
2         , 1.000000  , 65536     , 768.967897          
2         , 1.000000  , 65536     , 766.650883          
2         , 1.000000  , 65536     , 767.262659          
2         , 1.000000  , 65536     , 771.661976          
2         , 1.000000  , 65536     , 770.870115          
2         , 1.000000  , 65536     , 762.135963          
2         , 1.000000  , 65536     , 776.060751          
3         , 1.000000  , 65536     , 563.389883          
3         , 1.000000  , 65536     , 636.447882          
3         , 1.000000  , 65536     , 531.478094          
3         , 1.000000  , 65536     , 531.428808          
3         , 1.000000  , 65536     , 524.053095          
3         , 1.000000  , 65536     , 531.884869          
3         , 1.000000  , 65536     , 548.492994          
3         , 1.000000  , 65536     , 610.055260          
3         , 1.000000  , 65536     , 535.856825          
3         , 1.000000  , 65536     , 541.667952          
4         , 1.000000  , 65536     , 477.281258          
4         , 1.000000  , 65536     , 477.756889          
4         , 1.000000  , 65536     , 495.548944          
4         , 1.000000  , 65536     , 476.582726          
4         , 1.000000  , 65536     , 476.453779          
4         , 1.000000  , 65536     , 468.617762          
4         , 1.000000  , 65536     , 473.830927          
4         , 1.000000  , 65536     , 477.201809          
4         , 1.000000  , 65536     , 476.086876          
4         , 1.000000  , 65536     , 469.606922          
1         , 1.000000  , 131072    , 2839.968283         
1         , 1.000000  , 131072    , 2872.731047         
1         , 1.000000  , 131072    , 2815.612049         
1         , 1.000000  , 131072    , 2850.791063         
1         , 1.000000  , 131072    , 2872.216976         
1         , 1.000000  , 131072    , 2888.411972         
1         , 1.000000  , 131072    , 2855.179907         
1         , 1.000000  , 131072    , 2869.026138         
1         , 1.000000  , 131072    , 2874.908274         
1         , 1.000000  , 131072    , 2834.693817         
2         , 1.000000  , 131072    , 1526.845119         
2         , 1.000000  , 131072    , 1523.674374         
2         , 1.000000  , 131072    , 1514.249056         
2         , 1.000000  , 131072    , 1541.295994         
2         , 1.000000  , 131072    , 1537.394880         
2         , 1.000000  , 131072    , 1521.325228         
2         , 1.000000  , 131072    , 1517.279318         
2         , 1.000000  , 131072    , 1538.177191         
2         , 1.000000  , 131072    , 1554.682959         
2         , 1.000000  , 131072    , 1522.771727         
3         , 1.000000  , 131072    , 1033.874199         
3         , 1.000000  , 131072    , 1137.539896         
3         , 1.000000  , 131072    , 1099.100153         
3         , 1.000000  , 131072    , 1036.124023         
3         , 1.000000  , 131072    , 1038.000084         
3         , 1.000000  , 131072    , 1038.201927         
3         , 1.000000  , 131072    , 1043.058157         
3         , 1.000000  , 131072    , 1113.525911         
3         , 1.000000  , 131072    , 1032.042818         
3         , 1.000000  , 131072    , 1031.474871         
4         , 1.000000  , 131072    , 877.951757          
4         , 1.000000  , 131072    , 875.128096          
4         , 1.000000  , 131072    , 875.542025          
4         , 1.000000  , 131072    , 878.683977          
4         , 1.000000  , 131072    , 874.383146          
4         , 1.000000  , 131072    , 877.624929          
4         , 1.000000  , 131072    , 871.792185          
4         , 1.000000  , 131072    , 869.329992          
4         , 1.000000  , 131072    , 880.870050          
4         , 1.000000  , 131072    , 871.778976          
1         , 1.000000  , 262144    , 5711.038021         
1         , 1.000000  , 262144    , 5644.199177         
1         , 1.000000  , 262144    , 5681.497833         
1         , 1.000000  , 262144    , 5672.074373         
1         , 1.000000  , 262144    , 5694.416008         
1         , 1.000000  , 262144    , 5759.794933         
1         , 1.000000  , 262144    , 5676.042845         
1         , 1.000000  , 262144    , 5692.415993         
1         , 1.000000  , 262144    , 5698.758892         
1         , 1.000000  , 262144    , 5718.020155         
2         , 1.000000  , 262144    , 3051.096010         
2         , 1.000000  , 262144    , 3059.487654         
2         , 1.000000  , 262144    , 3044.557899         
2         , 1.000000  , 262144    , 3061.070866         
2         , 1.000000  , 262144    , 3005.405066         
2         , 1.000000  , 262144    , 3013.205059         
2         , 1.000000  , 262144    , 3043.255003         
2         , 1.000000  , 262144    , 3038.667107         
2         , 1.000000  , 262144    , 3055.066265         
2         , 1.000000  , 262144    , 3070.948919         
3         , 1.000000  , 262144    , 2076.389629         
3         , 1.000000  , 262144    , 2065.027681         
3         , 1.000000  , 262144    , 2056.081011         
3         , 1.000000  , 262144    , 2048.659786         
3         , 1.000000  , 262144    , 2045.392105         
3         , 1.000000  , 262144    , 2066.611004         
3         , 1.000000  , 262144    , 2039.555786         
3         , 1.000000  , 262144    , 2051.895107         
3         , 1.000000  , 262144    , 2045.372814         
3         , 1.000000  , 262144    , 2110.068241         
4         , 1.000000  , 262144    , 1706.769697         
4         , 1.000000  , 262144    , 1702.560806         
4         , 1.000000  , 262144    , 1705.563150         
4         , 1.000000  , 262144    , 1696.660864         
4         , 1.000000  , 262144    , 1683.480822         
4         , 1.000000  , 262144    , 1681.269892         
4         , 1.000000  , 262144    , 1678.364611         
4         , 1.000000  , 262144    , 1690.867294         
4         , 1.000000  , 262144    , 1699.109016         
4         , 1.000000  , 262144    , 1688.032129         
1         , 1.000000  , 524288    , 11574.770342        
1         , 1.000000  , 524288    , 11425.260145        
1         , 1.000000  , 524288    , 11373.396229        
1         , 1.000000  , 524288    , 11448.447998        
1         , 1.000000  , 524288    , 11407.096014        
1         , 1.000000  , 524288    , 11400.198040        
1         , 1.000000  , 524288    , 11367.145302        
1         , 1.000000  , 524288    , 11429.334120        
1         , 1.000000  , 524288    , 11424.117050        
1         , 1.000000  , 524288    , 11402.883217        
2         , 1.000000  , 524288    , 6074.536676         
2         , 1.000000  , 524288    , 6080.987829         
2         , 1.000000  , 524288    , 6032.959921         
2         , 1.000000  , 524288    , 6045.400967         
2         , 1.000000  , 524288    , 6123.734913         
2         , 1.000000  , 524288    , 6109.200083         
2         , 1.000000  , 524288    , 6065.233835         
2         , 1.000000  , 524288    , 6085.801752         
2         , 1.000000  , 524288    , 6111.954790         
2         , 1.000000  , 524288    , 6106.581736         
3         , 1.000000  , 524288    , 4090.961102         
3         , 1.000000  , 524288    , 4114.650070         
3         , 1.000000  , 524288    , 4131.977846         
3         , 1.000000  , 524288    , 4125.597265         
3         , 1.000000  , 524288    , 4262.006599         
3         , 1.000000  , 524288    , 4090.889921         
3         , 1.000000  , 524288    , 4073.333984         
3         , 1.000000  , 524288    , 4108.835918         
3         , 1.000000  , 524288    , 4077.461782         
3         , 1.000000  , 524288    , 4125.077839         
4         , 1.000000  , 524288    , 3499.276039         
4         , 1.000000  , 524288    , 3521.480869         
4         , 1.000000  , 524288    , 3307.067043         
4         , 1.000000  , 524288    , 3341.426075         
4         , 1.000000  , 524288    , 3326.778795         
4         , 1.000000  , 524288    , 3331.557013         
4         , 1.000000  , 524288    , 3324.412045         
4         , 1.000000  , 524288    , 3415.154028         
4         , 1.000000  , 524288    , 3318.924383         
4         , 1.000000  , 524288    , 3326.757002         
