Affinity  , Usage     , # rows    , # cols    , height    , time                
1         , 1.000000  , 10000     , 20        , 20        , 3176.305042         
1         , 1.000000  , 10000     , 20        , 20        , 3200.570856         
1         , 1.000000  , 10000     , 20        , 20        , 3165.963854         
1         , 1.000000  , 10000     , 20        , 20        , 3179.319094         
1         , 1.000000  , 10000     , 20        , 20        , 3212.643970         
2         , 1.000000  , 10000     , 20        , 20        , 3083.793036         
2         , 1.000000  , 10000     , 20        , 20        , 3328.030081         
2         , 1.000000  , 10000     , 20        , 20        , 3115.883202         
2         , 1.000000  , 10000     , 20        , 20        , 3106.240887         
2         , 1.000000  , 10000     , 20        , 20        , 3081.648010         
3         , 1.000000  , 10000     , 20        , 20        , 3105.538000         
3         , 1.000000  , 10000     , 20        , 20        , 3090.275099         
3         , 1.000000  , 10000     , 20        , 20        , 3077.849260         
3         , 1.000000  , 10000     , 20        , 20        , 3109.266043         
3         , 1.000000  , 10000     , 20        , 20        , 3119.157133         
4         , 1.000000  , 10000     , 20        , 20        , 3072.072117         
4         , 1.000000  , 10000     , 20        , 20        , 3039.722198         
4         , 1.000000  , 10000     , 20        , 20        , 3072.268997         
4         , 1.000000  , 10000     , 20        , 20        , 3085.118118         
4         , 1.000000  , 10000     , 20        , 20        , 3043.015987         
1         , 1.000000  , 10000     , 40        , 20        , 3144.609869         
1         , 1.000000  , 10000     , 40        , 20        , 3172.346199         
1         , 1.000000  , 10000     , 40        , 20        , 3730.820976         
1         , 1.000000  , 10000     , 40        , 20        , 3186.667080         
1         , 1.000000  , 10000     , 40        , 20        , 3165.642071         
2         , 1.000000  , 10000     , 40        , 20        , 3055.342865         
2         , 1.000000  , 10000     , 40        , 20        , 3051.441971         
2         , 1.000000  , 10000     , 40        , 20        , 3085.955124         
2         , 1.000000  , 10000     , 40        , 20        , 3090.339981         
2         , 1.000000  , 10000     , 40        , 20        , 3791.820951         
3         , 1.000000  , 10000     , 40        , 20        , 3105.032835         
3         , 1.000000  , 10000     , 40        , 20        , 3091.350967         
3         , 1.000000  , 10000     , 40        , 20        , 3058.927170         
3         , 1.000000  , 10000     , 40        , 20        , 3170.037035         
3         , 1.000000  , 10000     , 40        , 20        , 3126.015844         
4         , 1.000000  , 10000     , 40        , 20        , 3064.641081         
4         , 1.000000  , 10000     , 40        , 20        , 3056.891048         
4         , 1.000000  , 10000     , 40        , 20        , 3054.075100         
4         , 1.000000  , 10000     , 40        , 20        , 3075.286242         
4         , 1.000000  , 10000     , 40        , 20        , 3095.868998         
1         , 1.000000  , 20000     , 20        , 20        , 6414.730963         
1         , 1.000000  , 20000     , 20        , 20        , 6488.993092         
1         , 1.000000  , 20000     , 20        , 20        , 6393.434975         
1         , 1.000000  , 20000     , 20        , 20        , 6408.115110         
1         , 1.000000  , 20000     , 20        , 20        , 6467.998869         
2         , 1.000000  , 20000     , 20        , 20        , 6133.439795         
2         , 1.000000  , 20000     , 20        , 20        , 6156.671104         
2         , 1.000000  , 20000     , 20        , 20        , 6181.701149         
2         , 1.000000  , 20000     , 20        , 20        , 6141.763063         
2         , 1.000000  , 20000     , 20        , 20        , 6141.327848         
3         , 1.000000  , 20000     , 20        , 20        , 6266.907022         
3         , 1.000000  , 20000     , 20        , 20        , 6240.062038         
3         , 1.000000  , 20000     , 20        , 20        , 6236.637102         
3         , 1.000000  , 20000     , 20        , 20        , 6255.203039         
3         , 1.000000  , 20000     , 20        , 20        , 6161.677715         
4         , 1.000000  , 20000     , 20        , 20        , 6252.828129         
4         , 1.000000  , 20000     , 20        , 20        , 6142.808081         
4         , 1.000000  , 20000     , 20        , 20        , 6077.059126         
4         , 1.000000  , 20000     , 20        , 20        , 6124.214010         
4         , 1.000000  , 20000     , 20        , 20        , 6102.854954         
1         , 1.000000  , 20000     , 40        , 20        , 6500.091078         
1         , 1.000000  , 20000     , 40        , 20        , 6350.421902         
1         , 1.000000  , 20000     , 40        , 20        , 6343.860050         
1         , 1.000000  , 20000     , 40        , 20        , 6311.932959         
1         , 1.000000  , 20000     , 40        , 20        , 6400.066847         
2         , 1.000000  , 20000     , 40        , 20        , 6147.908838         
2         , 1.000000  , 20000     , 40        , 20        , 6085.014709         
2         , 1.000000  , 20000     , 40        , 20        , 7527.319075         
2         , 1.000000  , 20000     , 40        , 20        , 6155.992027         
2         , 1.000000  , 20000     , 40        , 20        , 6133.075954         
3         , 1.000000  , 20000     , 40        , 20        , 6449.167953         
3         , 1.000000  , 20000     , 40        , 20        , 6194.806978         
3         , 1.000000  , 20000     , 40        , 20        , 6166.410870         
3         , 1.000000  , 20000     , 40        , 20        , 6188.277958         
3         , 1.000000  , 20000     , 40        , 20        , 6144.355900         
4         , 1.000000  , 20000     , 40        , 20        , 6144.682814         
4         , 1.000000  , 20000     , 40        , 20        , 6127.053022         
4         , 1.000000  , 20000     , 40        , 20        , 6158.035036         
4         , 1.000000  , 20000     , 40        , 20        , 6115.917915         
4         , 1.000000  , 20000     , 40        , 20        , 6113.405048         
1         , 1.000000  , 40000     , 20        , 20        , 12570.296947        
1         , 1.000000  , 40000     , 20        , 20        , 12767.605967        
1         , 1.000000  , 40000     , 20        , 20        , 12691.851139        
1         , 1.000000  , 40000     , 20        , 20        , 12624.186983        
1         , 1.000000  , 40000     , 20        , 20        , 12728.006720        
2         , 1.000000  , 40000     , 20        , 20        , 12419.017916        
2         , 1.000000  , 40000     , 20        , 20        , 12302.035774        
2         , 1.000000  , 40000     , 20        , 20        , 12346.067839        
2         , 1.000000  , 40000     , 20        , 20        , 12340.876045        
2         , 1.000000  , 40000     , 20        , 20        , 12409.331985        
3         , 1.000000  , 40000     , 20        , 20        , 12443.197947        
3         , 1.000000  , 40000     , 20        , 20        , 12594.929819        
3         , 1.000000  , 40000     , 20        , 20        , 12399.738956        
3         , 1.000000  , 40000     , 20        , 20        , 12402.070164        
3         , 1.000000  , 40000     , 20        , 20        , 12638.704941        
4         , 1.000000  , 40000     , 20        , 20        , 12231.803818        
4         , 1.000000  , 40000     , 20        , 20        , 12306.409239        
4         , 1.000000  , 40000     , 20        , 20        , 12189.905161        
4         , 1.000000  , 40000     , 20        , 20        , 12422.123940        
4         , 1.000000  , 40000     , 20        , 20        , 12594.099104        
1         , 1.000000  , 40000     , 40        , 20        , 12693.814907        
1         , 1.000000  , 40000     , 40        , 20        , 12814.031942        
1         , 1.000000  , 40000     , 40        , 20        , 12748.125044        
1         , 1.000000  , 40000     , 40        , 20        , 12845.160120        
1         , 1.000000  , 40000     , 40        , 20        , 12891.521072        
2         , 1.000000  , 40000     , 40        , 20        , 12264.648819        
2         , 1.000000  , 40000     , 40        , 20        , 12313.865789        
2         , 1.000000  , 40000     , 40        , 20        , 12325.967918        
2         , 1.000000  , 40000     , 40        , 20        , 12340.476912        
2         , 1.000000  , 40000     , 40        , 20        , 12288.118031        
3         , 1.000000  , 40000     , 40        , 20        , 12581.876020        
3         , 1.000000  , 40000     , 40        , 20        , 12354.941738        
3         , 1.000000  , 40000     , 40        , 20        , 12502.948879        
3         , 1.000000  , 40000     , 40        , 20        , 12395.570875        
3         , 1.000000  , 40000     , 40        , 20        , 12507.526928        
4         , 1.000000  , 40000     , 40        , 20        , 13828.491179        
4         , 1.000000  , 40000     , 40        , 20        , 12236.921965        
4         , 1.000000  , 40000     , 40        , 20        , 12242.997089        
4         , 1.000000  , 40000     , 40        , 20        , 12266.808935        
4         , 1.000000  , 40000     , 40        , 20        , 12246.999039        
