# nodes   , time                
1024      , 0.319092            
1024      , 0.323242            
1024      , 0.311035            
1024      , 0.308838            
1024      , 0.304932            
1024      , 0.296143            
1024      , 0.311279            
1024      , 0.437988            
1024      , 0.327148            
1024      , 0.427979            
1024      , 0.278076            
1024      , 0.314941            
1024      , 0.304932            
1024      , 0.312988            
1024      , 0.324951            
1024      , 0.314941            
1024      , 0.310791            
1024      , 0.306152            
1024      , 0.340088            
1024      , 0.323975            
1024      , 0.304199            
1024      , 0.301758            
1024      , 0.311035            
1024      , 0.317871            
1024      , 0.319824            
2048      , 0.315918            
2048      , 0.303955            
2048      , 0.321777            
2048      , 0.330078            
2048      , 0.345947            
2048      , 0.335938            
2048      , 0.331055            
2048      , 0.321045            
2048      , 0.531006            
2048      , 0.320068            
2048      , 0.327148            
2048      , 0.346191            
2048      , 0.321045            
2048      , 0.325928            
2048      , 0.346924            
2048      , 0.347656            
2048      , 0.315186            
2048      , 0.322754            
2048      , 0.320068            
2048      , 0.341797            
2048      , 0.322998            
2048      , 0.329102            
2048      , 0.330811            
2048      , 0.320068            
2048      , 0.314941            
131072    , 1.799805            
131072    , 1.782959            
131072    , 1.719971            
131072    , 1.800049            
131072    , 1.789062            
131072    , 1.813965            
131072    , 1.808838            
131072    , 1.807861            
131072    , 1.781982            
131072    , 1.797363            
131072    , 1.911865            
131072    , 1.832031            
131072    , 1.800049            
131072    , 1.805176            
131072    , 1.802002            
131072    , 1.787842            
131072    , 1.803955            
131072    , 1.778076            
131072    , 1.789062            
131072    , 1.810059            
131072    , 1.801758            
131072    , 1.785889            
131072    , 1.781982            
131072    , 1.788818            
131072    , 1.781006            
261444    , 4.215820            
261444    , 4.210938            
261444    , 4.224121            
261444    , 4.221191            
261444    , 4.217041            
261444    , 4.239990            
261444    , 4.231934            
261444    , 4.273926            
261444    , 4.208008            
261444    , 4.212891            
261444    , 4.244873            
261444    , 4.239014            
261444    , 4.222656            
261444    , 4.219971            
261444    , 4.229980            
261444    , 4.374023            
261444    , 4.206299            
261444    , 4.243652            
261444    , 4.232910            
261444    , 4.213135            
261444    , 4.180908            
261444    , 4.240967            
261444    , 4.178223            
261444    , 4.238770            
261444    , 4.258789            
524288    , 9.777100            
524288    , 9.749023            
524288    , 9.799805            
524288    , 9.729004            
524288    , 9.800049            
524288    , 9.794922            
524288    , 9.751953            
524288    , 9.869873            
524288    , 9.841064            
524288    , 9.786865            
524288    , 9.805908            
524288    , 9.769043            
524288    , 9.772217            
524288    , 9.788086            
524288    , 9.780029            
524288    , 9.816895            
524288    , 9.796875            
524288    , 9.790771            
524288    , 9.814941            
524288    , 9.762207            
524288    , 9.720947            
524288    , 9.791992            
524288    , 9.793945            
524288    , 9.802979            
524288    , 9.807129            
1048576   , 22.404785           
1048576   , 22.484131           
1048576   , 22.437012           
1048576   , 22.386963           
1048576   , 22.361816           
1048576   , 22.413086           
1048576   , 22.412842           
1048576   , 22.410889           
1048576   , 22.385254           
1048576   , 22.302246           
1048576   , 22.438965           
1048576   , 22.434082           
1048576   , 22.415771           
1048576   , 22.431885           
1048576   , 22.427979           
1048576   , 22.409912           
1048576   , 22.471191           
1048576   , 22.541992           
1048576   , 22.409912           
1048576   , 22.542969           
1048576   , 22.411865           
1048576   , 22.433105           
1048576   , 22.501953           
1048576   , 22.328125           
1048576   , 22.456299           
2097152   , 47.950928           
2097152   , 47.861084           
2097152   , 47.754150           
2097152   , 47.866943           
2097152   , 47.970947           
2097152   , 47.897217           
2097152   , 47.904053           
2097152   , 47.901855           
2097152   , 47.909180           
2097152   , 47.947754           
2097152   , 47.891113           
2097152   , 47.891113           
2097152   , 47.860107           
2097152   , 47.872070           
2097152   , 47.968018           
2097152   , 47.925049           
2097152   , 47.891846           
2097152   , 47.790039           
2097152   , 47.836914           
2097152   , 47.799072           
2097152   , 47.879883           
2097152   , 47.876709           
2097152   , 47.924072           
2097152   , 47.939209           
2097152   , 47.839844           
4194304   , 101.534912          
4194304   , 101.368896          
4194304   , 101.486816          
4194304   , 101.443115          
4194304   , 101.365967          
4194304   , 101.315186          
4194304   , 101.354736          
4194304   , 101.436279          
4194304   , 101.403809          
4194304   , 102.082031          
4194304   , 101.448975          
4194304   , 101.529053          
4194304   , 101.299072          
4194304   , 101.572021          
4194304   , 101.500000          
4194304   , 101.162109          
4194304   , 101.432129          
4194304   , 101.213135          
4194304   , 101.291992          
4194304   , 101.315186          
4194304   , 101.312988          
4194304   , 101.236084          
4194304   , 101.508301          
4194304   , 101.362305          
4194304   , 101.525146          
8388608   , 207.170898          
8388608   , 207.315186          
8388608   , 207.163086          
8388608   , 207.093018          
8388608   , 206.896240          
8388608   , 207.280029          
8388608   , 207.302002          
8388608   , 207.341797          
8388608   , 206.742920          
8388608   , 207.229980          
8388608   , 206.851074          
8388608   , 207.334229          
8388608   , 207.256104          
8388608   , 206.959961          
8388608   , 207.240723          
8388608   , 206.704102          
8388608   , 207.113037          
8388608   , 207.355957          
8388608   , 207.193115          
8388608   , 207.345947          
8388608   , 207.201904          
8388608   , 207.383789          
8388608   , 207.275879          
8388608   , 207.372803          
8388608   , 207.176025          
16777216  , 417.760010          
16777216  , 417.294189          
16777216  , 418.037842          
16777216  , 416.782959          
16777216  , 417.704102          
16777216  , 417.300049          
16777216  , 417.469971          
16777216  , 417.516846          
16777216  , 417.468994          
16777216  , 417.729004          
16777216  , 417.996826          
16777216  , 418.067139          
16777216  , 418.214111          
16777216  , 417.462646          
16777216  , 417.397949          
16777216  , 417.808105          
16777216  , 417.634033          
16777216  , 417.617188          
16777216  , 416.946777          
16777216  , 417.725098          
16777216  , 417.599365          
16777216  , 417.420166          
16777216  , 417.278809          
16777216  , 417.635010          
16777216  , 417.386963          
