Affinity  , # nodes   , time                
1         , 1024      , 7.756104            
1         , 1024      , 8.108887            
1         , 1024      , 8.229980            
1         , 1024      , 7.989014            
1         , 1024      , 7.642090            
1         , 1024      , 7.266113            
1         , 1024      , 7.218994            
1         , 1024      , 7.268799            
1         , 1024      , 7.748779            
1         , 1024      , 7.270020            
1         , 1024      , 7.879883            
1         , 1024      , 7.245117            
1         , 1024      , 7.363281            
1         , 1024      , 7.823975            
1         , 1024      , 6.982910            
1         , 1024      , 7.589111            
1         , 1024      , 7.741943            
1         , 1024      , 7.660889            
1         , 1024      , 7.359131            
1         , 1024      , 7.155273            
1         , 1024      , 8.115967            
1         , 1024      , 8.066895            
1         , 1024      , 7.082031            
1         , 1024      , 7.807861            
1         , 1024      , 7.373047            
2         , 1024      , 15.467041           
2         , 1024      , 14.484863           
2         , 1024      , 15.498779           
2         , 1024      , 16.090088           
2         , 1024      , 15.674805           
2         , 1024      , 16.284180           
2         , 1024      , 16.820068           
2         , 1024      , 16.842285           
2         , 1024      , 17.342041           
2         , 1024      , 16.943115           
2         , 1024      , 16.778076           
2         , 1024      , 17.261963           
2         , 1024      , 17.492920           
2         , 1024      , 15.638916           
2         , 1024      , 16.942139           
2         , 1024      , 17.073242           
2         , 1024      , 16.939941           
2         , 1024      , 17.143066           
2         , 1024      , 17.029053           
2         , 1024      , 16.112793           
2         , 1024      , 15.981934           
2         , 1024      , 18.138916           
2         , 1024      , 21.559082           
2         , 1024      , 19.550781           
2         , 1024      , 19.419189           
3         , 1024      , 30.647217           
3         , 1024      , 31.299316           
3         , 1024      , 30.948975           
3         , 1024      , 31.201172           
3         , 1024      , 31.257080           
3         , 1024      , 29.718994           
3         , 1024      , 30.901123           
3         , 1024      , 31.376953           
3         , 1024      , 32.655029           
3         , 1024      , 30.070068           
3         , 1024      , 31.413818           
3         , 1024      , 30.664062           
3         , 1024      , 31.210938           
3         , 1024      , 31.200928           
3         , 1024      , 31.771729           
3         , 1024      , 30.941162           
3         , 1024      , 30.543945           
3         , 1024      , 30.926025           
3         , 1024      , 30.937988           
3         , 1024      , 30.717773           
3         , 1024      , 32.114990           
3         , 1024      , 31.179932           
3         , 1024      , 32.261963           
3         , 1024      , 31.258301           
3         , 1024      , 31.583008           
4         , 1024      , 37.799805           
4         , 1024      , 38.685059           
4         , 1024      , 39.177979           
4         , 1024      , 40.976807           
4         , 1024      , 37.826904           
4         , 1024      , 40.067139           
4         , 1024      , 39.426270           
4         , 1024      , 38.916992           
4         , 1024      , 39.989014           
4         , 1024      , 38.781982           
4         , 1024      , 41.024170           
4         , 1024      , 39.586914           
4         , 1024      , 39.619873           
4         , 1024      , 39.329834           
4         , 1024      , 39.192139           
4         , 1024      , 38.691162           
4         , 1024      , 38.040039           
4         , 1024      , 39.875977           
4         , 1024      , 38.879883           
4         , 1024      , 38.425049           
4         , 1024      , 39.597900           
4         , 1024      , 37.906982           
4         , 1024      , 38.258057           
4         , 1024      , 39.340088           
4         , 1024      , 37.945068           
1         , 2048      , 9.837891            
1         , 2048      , 9.787109            
1         , 2048      , 9.768066            
1         , 2048      , 9.951904            
1         , 2048      , 9.129150            
1         , 2048      , 9.978027            
1         , 2048      , 10.653809           
1         , 2048      , 9.997070            
1         , 2048      , 9.412842            
1         , 2048      , 9.377197            
1         , 2048      , 9.799072            
1         , 2048      , 10.212891           
1         , 2048      , 8.729004            
1         , 2048      , 9.749268            
1         , 2048      , 9.409668            
1         , 2048      , 8.876221            
1         , 2048      , 9.427002            
1         , 2048      , 9.118164            
1         , 2048      , 10.755127           
1         , 2048      , 9.261230            
1         , 2048      , 9.106201            
1         , 2048      , 9.758057            
1         , 2048      , 10.400146           
1         , 2048      , 9.253906            
1         , 2048      , 9.217041            
2         , 2048      , 19.776123           
2         , 2048      , 20.657959           
2         , 2048      , 20.512939           
2         , 2048      , 20.748047           
2         , 2048      , 20.409912           
2         , 2048      , 21.229004           
2         , 2048      , 19.833008           
2         , 2048      , 21.168945           
2         , 2048      , 23.720947           
2         , 2048      , 20.548096           
2         , 2048      , 21.795898           
2         , 2048      , 21.415039           
2         , 2048      , 22.181885           
2         , 2048      , 22.754150           
2         , 2048      , 20.821777           
2         , 2048      , 21.302979           
2         , 2048      , 16.819824           
2         , 2048      , 16.367920           
2         , 2048      , 17.403076           
2         , 2048      , 17.115234           
2         , 2048      , 17.471191           
2         , 2048      , 17.635010           
2         , 2048      , 17.104736           
2         , 2048      , 17.733154           
2         , 2048      , 17.527100           
3         , 2048      , 24.577881           
3         , 2048      , 25.080078           
3         , 2048      , 24.544922           
3         , 2048      , 26.212891           
3         , 2048      , 24.951904           
3         , 2048      , 24.620117           
3         , 2048      , 25.314941           
3         , 2048      , 25.243896           
3         , 2048      , 25.267090           
3         , 2048      , 25.508057           
3         , 2048      , 25.561279           
3         , 2048      , 25.737061           
3         , 2048      , 25.793945           
3         , 2048      , 25.917236           
3         , 2048      , 25.010010           
3         , 2048      , 26.018066           
3         , 2048      , 25.770996           
3         , 2048      , 24.371094           
3         , 2048      , 24.729980           
3         , 2048      , 24.641846           
3         , 2048      , 25.983887           
3         , 2048      , 24.119141           
3         , 2048      , 26.590088           
3         , 2048      , 25.872803           
3         , 2048      , 24.932861           
4         , 2048      , 37.822021           
4         , 2048      , 37.031250           
4         , 2048      , 39.220947           
4         , 2048      , 37.084229           
4         , 2048      , 35.923096           
4         , 2048      , 37.524170           
4         , 2048      , 36.732910           
4         , 2048      , 37.056885           
4         , 2048      , 38.159912           
4         , 2048      , 37.080811           
4         , 2048      , 38.450195           
4         , 2048      , 35.822998           
4         , 2048      , 36.087891           
4         , 2048      , 37.788818           
4         , 2048      , 38.089111           
4         , 2048      , 38.281982           
4         , 2048      , 36.624756           
4         , 2048      , 36.466309           
4         , 2048      , 37.927246           
4         , 2048      , 38.257812           
4         , 2048      , 37.648926           
4         , 2048      , 39.450928           
4         , 2048      , 39.747070           
4         , 2048      , 37.078125           
4         , 2048      , 38.368896           
1         , 131072    , 15.840820           
1         , 131072    , 16.134033           
1         , 131072    , 15.129883           
1         , 131072    , 16.329102           
1         , 131072    , 16.463135           
1         , 131072    , 16.363037           
1         , 131072    , 16.593994           
1         , 131072    , 16.093994           
1         , 131072    , 15.753906           
1         , 131072    , 16.125000           
1         , 131072    , 16.018066           
1         , 131072    , 15.597900           
1         , 131072    , 16.161133           
1         , 131072    , 15.899170           
1         , 131072    , 15.638184           
1         , 131072    , 16.155029           
1         , 131072    , 16.702148           
1         , 131072    , 16.318115           
1         , 131072    , 17.066895           
1         , 131072    , 15.773193           
1         , 131072    , 16.230225           
1         , 131072    , 16.812988           
1         , 131072    , 16.416992           
1         , 131072    , 15.841797           
1         , 131072    , 17.222900           
2         , 131072    , 28.270020           
2         , 131072    , 29.742920           
2         , 131072    , 30.160889           
2         , 131072    , 28.064941           
2         , 131072    , 29.211914           
2         , 131072    , 28.291992           
2         , 131072    , 27.474121           
2         , 131072    , 30.476318           
2         , 131072    , 27.673828           
2         , 131072    , 28.843994           
2         , 131072    , 28.129150           
2         , 131072    , 28.257812           
2         , 131072    , 29.178223           
2         , 131072    , 28.626953           
2         , 131072    , 27.156982           
2         , 131072    , 28.530029           
2         , 131072    , 28.315918           
2         , 131072    , 32.005127           
2         , 131072    , 27.841064           
2         , 131072    , 26.596191           
2         , 131072    , 27.397949           
2         , 131072    , 27.799072           
2         , 131072    , 28.169189           
2         , 131072    , 27.086914           
2         , 131072    , 28.695068           
3         , 131072    , 41.611816           
3         , 131072    , 43.489990           
3         , 131072    , 42.490967           
3         , 131072    , 43.417969           
3         , 131072    , 43.031006           
3         , 131072    , 42.288086           
3         , 131072    , 41.245850           
3         , 131072    , 42.773926           
3         , 131072    , 41.346924           
3         , 131072    , 41.167969           
3         , 131072    , 41.868164           
3         , 131072    , 40.843018           
3         , 131072    , 38.667969           
3         , 131072    , 43.300781           
3         , 131072    , 42.850098           
3         , 131072    , 46.427002           
3         , 131072    , 44.286133           
3         , 131072    , 43.652100           
3         , 131072    , 45.370850           
3         , 131072    , 45.385010           
3         , 131072    , 44.100830           
3         , 131072    , 44.691162           
3         , 131072    , 45.984863           
3         , 131072    , 43.643066           
3         , 131072    , 45.707764           
4         , 131072    , 61.122803           
4         , 131072    , 61.166016           
4         , 131072    , 62.864014           
4         , 131072    , 62.963135           
4         , 131072    , 64.562256           
4         , 131072    , 64.565918           
4         , 131072    , 61.997314           
4         , 131072    , 60.730957           
4         , 131072    , 62.739014           
4         , 131072    , 61.254883           
4         , 131072    , 62.034180           
4         , 131072    , 63.354980           
4         , 131072    , 59.800293           
4         , 131072    , 62.282959           
4         , 131072    , 61.686035           
4         , 131072    , 63.759033           
4         , 131072    , 61.740967           
4         , 131072    , 63.538086           
4         , 131072    , 62.945068           
4         , 131072    , 64.879883           
4         , 131072    , 65.091797           
4         , 131072    , 64.212891           
4         , 131072    , 62.875000           
4         , 131072    , 64.472900           
4         , 131072    , 64.315918           
1         , 261444    , 23.589844           
1         , 261444    , 23.971924           
1         , 261444    , 22.662109           
1         , 261444    , 22.980957           
1         , 261444    , 23.562988           
1         , 261444    , 25.016113           
1         , 261444    , 24.350830           
1         , 261444    , 23.309082           
1         , 261444    , 24.568115           
1         , 261444    , 23.607910           
1         , 261444    , 23.824951           
1         , 261444    , 23.503906           
1         , 261444    , 24.679932           
1         , 261444    , 23.314941           
1         , 261444    , 25.354980           
1         , 261444    , 24.707031           
1         , 261444    , 24.630859           
1         , 261444    , 24.743652           
1         , 261444    , 24.755859           
1         , 261444    , 25.170898           
1         , 261444    , 25.808838           
1         , 261444    , 26.137695           
1         , 261444    , 27.070068           
1         , 261444    , 25.544922           
1         , 261444    , 27.021729           
2         , 261444    , 42.994873           
2         , 261444    , 43.239258           
2         , 261444    , 41.430908           
2         , 261444    , 39.631836           
2         , 261444    , 42.666016           
2         , 261444    , 37.551025           
2         , 261444    , 39.226074           
2         , 261444    , 40.163086           
2         , 261444    , 36.739014           
2         , 261444    , 38.067139           
2         , 261444    , 38.218018           
2         , 261444    , 38.369873           
2         , 261444    , 38.528076           
2         , 261444    , 36.639160           
2         , 261444    , 37.872070           
2         , 261444    , 38.939941           
2         , 261444    , 38.747070           
2         , 261444    , 37.334961           
2         , 261444    , 37.452148           
2         , 261444    , 37.181152           
2         , 261444    , 36.450928           
2         , 261444    , 36.242920           
2         , 261444    , 36.520020           
2         , 261444    , 37.270996           
2         , 261444    , 37.420898           
3         , 261444    , 52.984131           
3         , 261444    , 54.226318           
3         , 261444    , 53.431885           
3         , 261444    , 54.375000           
3         , 261444    , 54.236084           
3         , 261444    , 54.220215           
3         , 261444    , 54.442871           
3         , 261444    , 58.223877           
3         , 261444    , 56.245117           
3         , 261444    , 57.837891           
3         , 261444    , 55.170166           
3         , 261444    , 56.763916           
3         , 261444    , 57.014893           
3         , 261444    , 54.939941           
3         , 261444    , 56.812012           
3         , 261444    , 56.279785           
3         , 261444    , 55.083984           
3         , 261444    , 55.940918           
3         , 261444    , 57.843018           
3         , 261444    , 60.613037           
3         , 261444    , 57.158936           
3         , 261444    , 57.072754           
3         , 261444    , 57.643066           
3         , 261444    , 56.916016           
3         , 261444    , 56.685059           
4         , 261444    , 75.480957           
4         , 261444    , 75.043945           
4         , 261444    , 76.085938           
4         , 261444    , 76.863037           
4         , 261444    , 74.064941           
4         , 261444    , 75.883789           
4         , 261444    , 75.271973           
4         , 261444    , 77.193848           
4         , 261444    , 77.302002           
4         , 261444    , 75.895996           
4         , 261444    , 77.838135           
4         , 261444    , 76.786865           
4         , 261444    , 79.997803           
4         , 261444    , 74.193848           
4         , 261444    , 74.660156           
4         , 261444    , 77.342041           
4         , 261444    , 75.209961           
4         , 261444    , 78.085205           
4         , 261444    , 77.378174           
4         , 261444    , 73.753906           
4         , 261444    , 75.693115           
4         , 261444    , 71.661865           
4         , 261444    , 69.888184           
4         , 261444    , 73.270996           
4         , 261444    , 72.698975           
1         , 524288    , 33.337891           
1         , 524288    , 32.908203           
1         , 524288    , 34.432129           
1         , 524288    , 33.298828           
1         , 524288    , 34.057861           
1         , 524288    , 35.162109           
1         , 524288    , 33.906006           
1         , 524288    , 32.564941           
1         , 524288    , 32.769775           
1         , 524288    , 33.440186           
1         , 524288    , 32.649170           
1         , 524288    , 33.850098           
1         , 524288    , 33.055176           
1         , 524288    , 33.471680           
1         , 524288    , 34.122803           
1         , 524288    , 33.759277           
1         , 524288    , 32.664795           
1         , 524288    , 33.607910           
1         , 524288    , 33.972900           
1         , 524288    , 34.357910           
1         , 524288    , 32.769043           
1         , 524288    , 32.306152           
1         , 524288    , 32.900879           
1         , 524288    , 32.385010           
1         , 524288    , 35.098145           
2         , 524288    , 45.942871           
2         , 524288    , 44.423096           
2         , 524288    , 45.203857           
2         , 524288    , 44.873047           
2         , 524288    , 44.016113           
2         , 524288    , 43.437012           
2         , 524288    , 47.446045           
2         , 524288    , 44.272949           
2         , 524288    , 47.699951           
2         , 524288    , 44.726807           
2         , 524288    , 44.041260           
2         , 524288    , 47.395752           
2         , 524288    , 43.654785           
2         , 524288    , 45.716064           
2         , 524288    , 44.646973           
2         , 524288    , 44.531006           
2         , 524288    , 44.748047           
2         , 524288    , 43.441162           
2         , 524288    , 45.144043           
2         , 524288    , 43.421875           
2         , 524288    , 44.104248           
2         , 524288    , 46.480957           
2         , 524288    , 43.313965           
2         , 524288    , 44.276123           
2         , 524288    , 45.804932           
3         , 524288    , 65.468994           
3         , 524288    , 67.109863           
3         , 524288    , 66.115967           
3         , 524288    , 63.362061           
3         , 524288    , 67.196045           
3         , 524288    , 64.723877           
3         , 524288    , 64.523438           
3         , 524288    , 64.269043           
3         , 524288    , 66.127197           
3         , 524288    , 64.387695           
3         , 524288    , 66.177734           
3         , 524288    , 63.356689           
3         , 524288    , 68.513916           
3         , 524288    , 71.001953           
3         , 524288    , 67.407227           
3         , 524288    , 69.238770           
3         , 524288    , 69.789062           
3         , 524288    , 67.187012           
3         , 524288    , 67.155029           
3         , 524288    , 65.707764           
3         , 524288    , 69.939209           
3         , 524288    , 68.118164           
3         , 524288    , 66.468018           
3         , 524288    , 68.458984           
3         , 524288    , 67.956055           
4         , 524288    , 79.711914           
4         , 524288    , 81.244141           
4         , 524288    , 81.832275           
4         , 524288    , 80.771973           
4         , 524288    , 81.854980           
4         , 524288    , 80.467041           
4         , 524288    , 80.826904           
4         , 524288    , 79.785156           
4         , 524288    , 84.886963           
4         , 524288    , 78.556152           
4         , 524288    , 80.566162           
4         , 524288    , 81.609863           
4         , 524288    , 81.324219           
4         , 524288    , 84.366943           
4         , 524288    , 81.998779           
4         , 524288    , 85.487061           
4         , 524288    , 83.903076           
4         , 524288    , 82.620850           
4         , 524288    , 92.291992           
4         , 524288    , 86.744141           
4         , 524288    , 79.280762           
4         , 524288    , 78.013184           
4         , 524288    , 80.365967           
4         , 524288    , 84.818115           
4         , 524288    , 78.420898           
1         , 1048576   , 59.410889           
1         , 1048576   , 60.511230           
1         , 1048576   , 60.085938           
1         , 1048576   , 59.979980           
1         , 1048576   , 60.335693           
1         , 1048576   , 61.859863           
1         , 1048576   , 61.967041           
1         , 1048576   , 59.805176           
1         , 1048576   , 59.853027           
1         , 1048576   , 60.502197           
1         , 1048576   , 60.781006           
1         , 1048576   , 61.372070           
1         , 1048576   , 59.721191           
1         , 1048576   , 60.427734           
1         , 1048576   , 58.994873           
1         , 1048576   , 63.101074           
1         , 1048576   , 60.102051           
1         , 1048576   , 61.030029           
1         , 1048576   , 58.599121           
1         , 1048576   , 61.798096           
1         , 1048576   , 61.410156           
1         , 1048576   , 61.330811           
1         , 1048576   , 63.633057           
1         , 1048576   , 61.714111           
1         , 1048576   , 59.616943           
2         , 1048576   , 64.624268           
2         , 1048576   , 67.356934           
2         , 1048576   , 63.311768           
2         , 1048576   , 65.515137           
2         , 1048576   , 69.213135           
2         , 1048576   , 70.610840           
2         , 1048576   , 67.079102           
2         , 1048576   , 68.486816           
2         , 1048576   , 66.686768           
2         , 1048576   , 65.276123           
2         , 1048576   , 66.181885           
2         , 1048576   , 67.079834           
2         , 1048576   , 65.752930           
2         , 1048576   , 66.069824           
2         , 1048576   , 65.364746           
2         , 1048576   , 66.694092           
2         , 1048576   , 63.256104           
2         , 1048576   , 63.698975           
2         , 1048576   , 68.346924           
2         , 1048576   , 62.426025           
2         , 1048576   , 62.274170           
2         , 1048576   , 61.964844           
2         , 1048576   , 62.072998           
2         , 1048576   , 62.852051           
2         , 1048576   , 62.614746           
3         , 1048576   , 86.586914           
3         , 1048576   , 91.480957           
3         , 1048576   , 91.746094           
3         , 1048576   , 87.778076           
3         , 1048576   , 87.198975           
3         , 1048576   , 89.370117           
3         , 1048576   , 91.221924           
3         , 1048576   , 90.186035           
3         , 1048576   , 93.759033           
3         , 1048576   , 91.353760           
3         , 1048576   , 92.013916           
3         , 1048576   , 92.263916           
3         , 1048576   , 91.842773           
3         , 1048576   , 91.836426           
3         , 1048576   , 90.258789           
3         , 1048576   , 88.595703           
3         , 1048576   , 91.639893           
3         , 1048576   , 90.974121           
3         , 1048576   , 88.532959           
3         , 1048576   , 90.333984           
3         , 1048576   , 86.415039           
3         , 1048576   , 85.686035           
3         , 1048576   , 84.021973           
3         , 1048576   , 84.020996           
3         , 1048576   , 81.119629           
4         , 1048576   , 102.202881          
4         , 1048576   , 100.868164          
4         , 1048576   , 103.104004          
4         , 1048576   , 107.729004          
4         , 1048576   , 112.541016          
4         , 1048576   , 110.195068          
4         , 1048576   , 107.618164          
4         , 1048576   , 113.683105          
4         , 1048576   , 109.264893          
4         , 1048576   , 109.332031          
4         , 1048576   , 112.890137          
4         , 1048576   , 112.596924          
4         , 1048576   , 110.953125          
4         , 1048576   , 110.248291          
4         , 1048576   , 109.157959          
4         , 1048576   , 105.349121          
4         , 1048576   , 105.541992          
4         , 1048576   , 109.474121          
4         , 1048576   , 110.833008          
4         , 1048576   , 112.003906          
4         , 1048576   , 115.907959          
4         , 1048576   , 112.031006          
4         , 1048576   , 115.301025          
4         , 1048576   , 112.973877          
4         , 1048576   , 111.400879          
1         , 2097152   , 136.477783          
1         , 2097152   , 129.967041          
1         , 2097152   , 132.108887          
1         , 2097152   , 130.537109          
1         , 2097152   , 131.738037          
1         , 2097152   , 133.693848          
1         , 2097152   , 132.357910          
1         , 2097152   , 133.354004          
1         , 2097152   , 133.457031          
1         , 2097152   , 132.359131          
1         , 2097152   , 134.380127          
1         , 2097152   , 135.683105          
1         , 2097152   , 133.638184          
1         , 2097152   , 135.588867          
1         , 2097152   , 131.589111          
1         , 2097152   , 134.968994          
1         , 2097152   , 129.096191          
1         , 2097152   , 134.100098          
1         , 2097152   , 132.801025          
1         , 2097152   , 130.051025          
1         , 2097152   , 133.485107          
1         , 2097152   , 132.116211          
1         , 2097152   , 131.723877          
1         , 2097152   , 133.719971          
1         , 2097152   , 133.808838          
2         , 2097152   , 93.302979           
2         , 2097152   , 92.587158           
2         , 2097152   , 94.189941           
2         , 2097152   , 97.087891           
2         , 2097152   , 94.745117           
2         , 2097152   , 96.195801           
2         , 2097152   , 96.750977           
2         , 2097152   , 95.507080           
2         , 2097152   , 98.056885           
2         , 2097152   , 95.286865           
2         , 2097152   , 92.221924           
2         , 2097152   , 96.469238           
2         , 2097152   , 97.166992           
2         , 2097152   , 96.877197           
2         , 2097152   , 93.072021           
2         , 2097152   , 93.995850           
2         , 2097152   , 97.484131           
2         , 2097152   , 92.160156           
2         , 2097152   , 93.686768           
2         , 2097152   , 93.493896           
2         , 2097152   , 91.395752           
2         , 2097152   , 94.484863           
2         , 2097152   , 97.583008           
2         , 2097152   , 96.604004           
2         , 2097152   , 96.554932           
3         , 2097152   , 144.742920          
3         , 2097152   , 145.058838          
3         , 2097152   , 140.125000          
3         , 2097152   , 140.862793          
3         , 2097152   , 140.177002          
3         , 2097152   , 143.914062          
3         , 2097152   , 143.359863          
3         , 2097152   , 141.354980          
3         , 2097152   , 145.683105          
3         , 2097152   , 142.362793          
3         , 2097152   , 143.603027          
3         , 2097152   , 146.096924          
3         , 2097152   , 145.168945          
3         , 2097152   , 142.903076          
3         , 2097152   , 140.890869          
3         , 2097152   , 136.688965          
3         , 2097152   , 141.924072          
3         , 2097152   , 137.701172          
3         , 2097152   , 136.104004          
3         , 2097152   , 142.561035          
3         , 2097152   , 137.703125          
3         , 2097152   , 136.087891          
3         , 2097152   , 145.088867          
3         , 2097152   , 143.721191          
3         , 2097152   , 141.154053          
4         , 2097152   , 157.554932          
4         , 2097152   , 157.670898          
4         , 2097152   , 159.523926          
4         , 2097152   , 155.185791          
4         , 2097152   , 149.355957          
4         , 2097152   , 150.503906          
4         , 2097152   , 155.018799          
4         , 2097152   , 152.843994          
4         , 2097152   , 154.940186          
4         , 2097152   , 156.251953          
4         , 2097152   , 152.193115          
4         , 2097152   , 156.466064          
4         , 2097152   , 154.224365          
4         , 2097152   , 153.153076          
4         , 2097152   , 155.344971          
4         , 2097152   , 158.640137          
4         , 2097152   , 159.322021          
4         , 2097152   , 160.126709          
4         , 2097152   , 154.565186          
4         , 2097152   , 155.285645          
4         , 2097152   , 153.287109          
4         , 2097152   , 154.703125          
4         , 2097152   , 157.514160          
4         , 2097152   , 155.764893          
4         , 2097152   , 158.981934          
1         , 4194304   , 296.810791          
1         , 4194304   , 291.812012          
1         , 4194304   , 302.465820          
1         , 4194304   , 299.751953          
1         , 4194304   , 300.410889          
1         , 4194304   , 299.812012          
1         , 4194304   , 299.357910          
1         , 4194304   , 297.938721          
1         , 4194304   , 303.318115          
1         , 4194304   , 299.460938          
1         , 4194304   , 301.955078          
1         , 4194304   , 297.640625          
1         , 4194304   , 288.684082          
1         , 4194304   , 294.229004          
1         , 4194304   , 296.485107          
1         , 4194304   , 295.746826          
1         , 4194304   , 290.149902          
1         , 4194304   , 288.864990          
1         , 4194304   , 287.952881          
1         , 4194304   , 284.492188          
1         , 4194304   , 283.918945          
1         , 4194304   , 289.109863          
1         , 4194304   , 283.555908          
1         , 4194304   , 277.040039          
1         , 4194304   , 274.145996          
2         , 4194304   , 196.629150          
2         , 4194304   , 184.220215          
2         , 4194304   , 197.462158          
2         , 4194304   , 196.612793          
2         , 4194304   , 197.936035          
2         , 4194304   , 194.879883          
2         , 4194304   , 186.812012          
2         , 4194304   , 187.469238          
2         , 4194304   , 192.617188          
2         , 4194304   , 194.318115          
2         , 4194304   , 191.650879          
2         , 4194304   , 187.836914          
2         , 4194304   , 188.954102          
2         , 4194304   , 193.827881          
2         , 4194304   , 190.050049          
2         , 4194304   , 189.031006          
2         , 4194304   , 196.565674          
2         , 4194304   , 192.446045          
2         , 4194304   , 198.896973          
2         , 4194304   , 194.497070          
2         , 4194304   , 194.883301          
2         , 4194304   , 191.712158          
2         , 4194304   , 190.462891          
2         , 4194304   , 186.141846          
2         , 4194304   , 195.504883          
3         , 4194304   , 261.580078          
3         , 4194304   , 264.729980          
3         , 4194304   , 265.781006          
3         , 4194304   , 262.778809          
3         , 4194304   , 254.562988          
3         , 4194304   , 259.852051          
3         , 4194304   , 261.846924          
3         , 4194304   , 272.707031          
3         , 4194304   , 267.813965          
3         , 4194304   , 274.511230          
3         , 4194304   , 273.381104          
3         , 4194304   , 269.529785          
3         , 4194304   , 278.089111          
3         , 4194304   , 267.498047          
3         , 4194304   , 272.281982          
3         , 4194304   , 269.313965          
3         , 4194304   , 256.498779          
3         , 4194304   , 265.643799          
3         , 4194304   , 268.293945          
3         , 4194304   , 261.136963          
3         , 4194304   , 277.745117          
3         , 4194304   , 263.033691          
3         , 4194304   , 260.974365          
3         , 4194304   , 267.380127          
3         , 4194304   , 262.452881          
4         , 4194304   , 246.784912          
4         , 4194304   , 241.077881          
4         , 4194304   , 243.075684          
4         , 4194304   , 246.946045          
4         , 4194304   , 243.825195          
4         , 4194304   , 245.434082          
4         , 4194304   , 252.419922          
4         , 4194304   , 249.304932          
4         , 4194304   , 244.825195          
4         , 4194304   , 241.027100          
4         , 4194304   , 247.231934          
4         , 4194304   , 242.147949          
4         , 4194304   , 243.833008          
4         , 4194304   , 242.812012          
4         , 4194304   , 248.597168          
4         , 4194304   , 248.036865          
4         , 4194304   , 243.307129          
4         , 4194304   , 246.494873          
4         , 4194304   , 244.033936          
4         , 4194304   , 241.957275          
4         , 4194304   , 246.744141          
4         , 4194304   , 235.762939          
4         , 4194304   , 239.588867          
4         , 4194304   , 247.936035          
4         , 4194304   , 245.986816          
1         , 8388608   , 617.113037          
1         , 8388608   , 627.164795          
1         , 8388608   , 630.644043          
1         , 8388608   , 638.804199          
1         , 8388608   , 611.125000          
1         , 8388608   , 622.213867          
1         , 8388608   , 624.510986          
1         , 8388608   , 631.843994          
1         , 8388608   , 620.924072          
1         , 8388608   , 659.242920          
1         , 8388608   , 645.796143          
1         , 8388608   , 621.674805          
1         , 8388608   , 667.427979          
1         , 8388608   , 643.618164          
1         , 8388608   , 648.164062          
1         , 8388608   , 635.663086          
1         , 8388608   , 625.075928          
1         , 8388608   , 657.443115          
1         , 8388608   , 610.461182          
1         , 8388608   , 609.689941          
1         , 8388608   , 608.072021          
1         , 8388608   , 609.010986          
1         , 8388608   , 624.653076          
1         , 8388608   , 638.178955          
1         , 8388608   , 609.325928          
2         , 8388608   , 402.593750          
2         , 8388608   , 407.098145          
2         , 8388608   , 412.061279          
2         , 8388608   , 416.916992          
2         , 8388608   , 416.451904          
2         , 8388608   , 420.546875          
2         , 8388608   , 414.006104          
2         , 8388608   , 423.197021          
2         , 8388608   , 413.076904          
2         , 8388608   , 414.470947          
2         , 8388608   , 415.322998          
2         , 8388608   , 419.629150          
2         , 8388608   , 417.689209          
2         , 8388608   , 412.166992          
2         , 8388608   , 411.884766          
2         , 8388608   , 419.615967          
2         , 8388608   , 427.206055          
2         , 8388608   , 420.777832          
2         , 8388608   , 418.584229          
2         , 8388608   , 415.777100          
2         , 8388608   , 421.944336          
2         , 8388608   , 415.421875          
2         , 8388608   , 409.460205          
2         , 8388608   , 421.710938          
2         , 8388608   , 419.496094          
3         , 8388608   , 568.277832          
3         , 8388608   , 551.152832          
3         , 8388608   , 537.868164          
3         , 8388608   , 553.864990          
3         , 8388608   , 556.708984          
3         , 8388608   , 544.683350          
3         , 8388608   , 560.862061          
3         , 8388608   , 567.124023          
3         , 8388608   , 551.151855          
3         , 8388608   , 546.047119          
3         , 8388608   , 529.703125          
3         , 8388608   , 524.239014          
3         , 8388608   , 542.331055          
3         , 8388608   , 546.898926          
3         , 8388608   , 543.807861          
3         , 8388608   , 563.420166          
3         , 8388608   , 551.858887          
3         , 8388608   , 559.238037          
3         , 8388608   , 566.291992          
3         , 8388608   , 541.625000          
3         , 8388608   , 543.282959          
3         , 8388608   , 560.229248          
3         , 8388608   , 558.568848          
3         , 8388608   , 552.253906          
3         , 8388608   , 544.864014          
4         , 8388608   , 522.804932          
4         , 8388608   , 496.420166          
4         , 8388608   , 492.544189          
4         , 8388608   , 491.127930          
4         , 8388608   , 481.800049          
4         , 8388608   , 506.427979          
4         , 8388608   , 492.483643          
4         , 8388608   , 508.808838          
4         , 8388608   , 503.313965          
4         , 8388608   , 495.555176          
4         , 8388608   , 497.806152          
4         , 8388608   , 488.276855          
4         , 8388608   , 495.804932          
4         , 8388608   , 494.183838          
4         , 8388608   , 498.251221          
4         , 8388608   , 505.125000          
4         , 8388608   , 496.854980          
4         , 8388608   , 501.326172          
4         , 8388608   , 492.755859          
4         , 8388608   , 502.417725          
4         , 8388608   , 494.785156          
4         , 8388608   , 490.681152          
4         , 8388608   , 491.346191          
4         , 8388608   , 486.800293          
4         , 8388608   , 492.311768          
1         , 16777216  , 1329.701904         
1         , 16777216  , 1348.508057         
1         , 16777216  , 1351.933105         
1         , 16777216  , 1319.379150         
1         , 16777216  , 1323.572998         
1         , 16777216  , 1337.612793         
1         , 16777216  , 1351.584961         
1         , 16777216  , 1358.065918         
1         , 16777216  , 1305.138916         
1         , 16777216  , 1302.548828         
1         , 16777216  , 1354.604004         
1         , 16777216  , 1308.707031         
1         , 16777216  , 1322.970947         
1         , 16777216  , 1375.221924         
1         , 16777216  , 1337.421143         
1         , 16777216  , 1352.465088         
1         , 16777216  , 1344.737061         
1         , 16777216  , 1350.300049         
1         , 16777216  , 1332.505859         
1         , 16777216  , 1328.550049         
1         , 16777216  , 1331.906982         
1         , 16777216  , 1317.979004         
1         , 16777216  , 1319.885010         
1         , 16777216  , 1315.250244         
1         , 16777216  , 1316.302246         
2         , 16777216  , 816.020996          
2         , 16777216  , 890.914062          
2         , 16777216  , 861.355957          
2         , 16777216  , 885.745850          
2         , 16777216  , 764.294922          
2         , 16777216  , 808.344727          
2         , 16777216  , 798.878906          
2         , 16777216  , 870.162842          
2         , 16777216  , 899.462891          
2         , 16777216  , 772.261719          
2         , 16777216  , 805.752930          
2         , 16777216  , 780.875000          
2         , 16777216  , 675.394043          
2         , 16777216  , 780.904053          
2         , 16777216  , 815.786133          
2         , 16777216  , 748.999268          
2         , 16777216  , 746.341797          
2         , 16777216  , 825.883057          
2         , 16777216  , 823.353027          
2         , 16777216  , 684.762939          
2         , 16777216  , 849.019043          
2         , 16777216  , 779.383301          
2         , 16777216  , 820.212891          
2         , 16777216  , 813.613281          
2         , 16777216  , 804.526855          
3         , 16777216  , 1116.386230         
3         , 16777216  , 1033.996094         
3         , 16777216  , 1058.517822         
3         , 16777216  , 1202.706787         
3         , 16777216  , 1101.994873         
3         , 16777216  , 1099.434082         
3         , 16777216  , 1049.886719         
3         , 16777216  , 1121.094971         
3         , 16777216  , 1195.773682         
3         , 16777216  , 1170.041016         
3         , 16777216  , 1174.958252         
3         , 16777216  , 1122.055908         
3         , 16777216  , 1148.042236         
3         , 16777216  , 1157.110107         
3         , 16777216  , 1141.397949         
3         , 16777216  , 1119.010010         
3         , 16777216  , 1187.008057         
3         , 16777216  , 1188.632080         
3         , 16777216  , 1132.356934         
3         , 16777216  , 1159.853027         
3         , 16777216  , 955.960938          
3         , 16777216  , 1186.137207         
3         , 16777216  , 1020.904053         
3         , 16777216  , 1098.500000         
3         , 16777216  , 1157.178955         
4         , 16777216  , 1034.228760         
4         , 16777216  , 912.818848          
4         , 16777216  , 948.357178          
4         , 16777216  , 1024.012207         
4         , 16777216  , 961.550049          
4         , 16777216  , 945.482178          
4         , 16777216  , 928.036865          
4         , 16777216  , 889.029785          
4         , 16777216  , 940.059814          
4         , 16777216  , 933.320068          
4         , 16777216  , 841.977051          
4         , 16777216  , 901.854004          
4         , 16777216  , 881.013916          
4         , 16777216  , 858.136963          
4         , 16777216  , 1014.533936         
4         , 16777216  , 1017.753906         
4         , 16777216  , 1029.354980         
4         , 16777216  , 901.360107          
4         , 16777216  , 939.908936          
4         , 16777216  , 889.398926          
4         , 16777216  , 942.055908          
4         , 16777216  , 934.225098          
4         , 16777216  , 956.703857          
4         , 16777216  , 980.413086          
4         , 16777216  , 945.627930          
2         , 1024      , 19.553955           
